<Mach-1 File>
<INFO>
Date:	Mon, Nov 13, 2023
Time:	14:47:41.800
Mach-1 Motion Software Version:	4.4.0.17
Mach-1 System S/N:	MA0561140
Mach-1 System Model:	V500ct
Load Cell Name:	FT31009
Load Cell Type:	Multiple-axis
Load Cell Calibration Factor:	0.996708
Load Cell Offset:	-86.095833
Load Cell Calibration Date:	2023-11-13
<END INFO>
<Find Contact>
Stage Axis:	Position (z)
Load Cell Axis:	Fz
Direction:	Positive
Contact Criteria, N:	0.200000
Stage Velocity, mm/s:	0.1000
Stage Limit, mm:	3.0000
Stage Repositioning:	2X Load Resolution
Offset, mm:	0.0000
<DATA>
Time, s	Position (z), mm	Position (theta), deg	Fx, N	Fy, N	Fz, N	Tx, N-mm	Ty, N-mm	Tz, N-mm
0.000000	-2.667500	0.000000	-0.006479	-0.012957	0.000000	-0.498354	0.996708	0.996708
0.010000	-2.667500	0.000000	-0.006479	-0.012957	0.000000	-0.498354	0.996708	0.996708
0.020000	-2.667500	0.000000	-0.006479	-0.012957	0.000000	-0.498354	0.996708	0.996708
0.030000	-2.667500	0.000000	-0.006479	-0.012957	0.000000	-0.498354	0.498354	0.996708
0.040000	-2.667500	0.000000	-0.006479	-0.012957	0.000000	-0.498354	0.498354	0.996708
0.050000	-2.667500	0.000000	-0.006479	-0.012957	0.000000	-0.498354	0.996708	0.996708
0.060000	-2.667500	0.000000	-0.006479	-0.012957	0.000000	-0.498354	0.498354	0.996708
0.070000	-2.667500	0.000000	-0.006479	-0.012957	0.000000	-0.498354	0.996708	0.996708
0.080000	-2.667500	0.000000	-0.006479	-0.012957	0.000000	-0.498354	0.996708	0.996708
0.090000	-2.667500	0.000000	-0.006479	-0.012957	0.000000	-0.498354	0.498354	0.996708
0.100000	-2.667500	0.000000	-0.006479	-0.012957	0.000000	-0.498354	0.498354	0.996708
0.110000	-2.667500	0.000000	-0.006479	-0.012957	0.000000	-0.498354	0.498354	0.996708
0.120000	-2.667500	0.000000	-0.006479	-0.012957	0.000000	-0.498354	0.996708	0.996708
0.130000	-2.667500	0.000000	-0.006479	-0.012957	0.000000	-0.498354	0.996708	0.996708
0.140000	-2.667500	0.000000	-0.006479	-0.019436	0.000000	-0.498354	0.996708	0.996708
0.150000	-2.667500	0.000000	-0.006479	-0.012957	0.000000	-0.498354	0.498354	0.996708
0.160000	-2.667500	0.000000	-0.006479	-0.012957	0.000000	-0.498354	0.498354	0.996708
0.170000	-2.667500	0.000000	-0.006479	-0.012957	0.000000	-0.498354	0.498354	0.996708
0.180000	-2.667500	0.000000	-0.006479	-0.019436	0.000000	-0.498354	0.498354	0.996708
0.190000	-2.667500	0.000000	-0.006479	-0.019436	0.000000	-0.498354	0.498354	0.996708
0.200000	-2.667500	0.000000	-0.006479	-0.012957	0.000000	-0.498354	0.498354	0.996708
0.210000	-2.667500	0.000000	-0.006479	-0.012957	0.000000	-0.498354	0.498354	0.996708
0.220000	-2.667500	0.000000	-0.006479	-0.012957	0.000000	-0.498354	0.996708	0.996708
0.230000	-2.667500	0.000000	-0.006479	-0.012957	0.000000	-0.498354	0.996708	0.996708
0.240000	-2.667500	0.000000	-0.006479	-0.012957	0.000000	-0.498354	0.996708	0.996708
0.250000	-2.667500	0.000000	-0.006479	-0.019436	0.000000	-0.498354	0.996708	0.996708
0.260000	-2.667500	0.000000	-0.006479	-0.012957	0.000000	-0.498354	0.996708	0.996708
0.270000	-2.667500	0.000000	-0.006479	-0.012957	0.000000	-0.498354	0.996708	0.996708
0.280000	-2.667500	0.000000	-0.006479	-0.012957	0.000000	-0.498354	0.996708	0.996708
0.290000	-2.667500	0.000000	-0.006479	-0.012957	0.000000	-0.498354	0.498354	0.996708
0.300000	-2.667500	0.000000	-0.006479	-0.019436	0.000000	-0.498354	0.498354	0.996708
0.310000	-2.667500	0.000000	-0.006479	-0.012957	0.000000	-0.498354	0.498354	0.996708
0.320000	-2.667500	0.000000	-0.006479	-0.012957	0.000000	-0.498354	0.996708	0.996708
0.330000	-2.667400	0.000000	-0.006479	-0.012957	0.000000	-0.498354	0.996708	0.996708
0.340000	-2.666600	0.000000	-0.006479	-0.019436	0.000000	-0.498354	0.498354	0.996708
0.350000	-2.666100	0.000000	-0.006479	-0.012957	0.000000	-0.498354	0.498354	0.996708
0.360000	-2.665800	0.000000	-0.006479	-0.012957	0.000000	-0.498354	0.498354	0.996708
0.370000	-2.665500	0.000000	-0.006479	-0.012957	0.000000	-0.498354	0.498354	0.996708
0.380000	-2.665200	0.000000	-0.006479	-0.012957	0.000000	-0.498354	0.996708	0.996708
0.390000	-2.665000	0.000000	-0.006479	-0.012957	0.000000	-0.498354	0.498354	0.996708
0.400000	-2.664700	0.000000	0.000000	-0.012957	0.000000	-0.498354	0.498354	0.996708
0.410000	-2.664500	0.000000	-0.006479	-0.012957	0.000000	-0.498354	0.996708	0.996708
0.420000	-2.664200	0.000000	-0.006479	-0.012957	0.000000	-0.498354	0.996708	0.996708
0.430000	-2.664000	0.000000	-0.006479	-0.012957	0.000000	-0.498354	0.498354	0.996708
0.440000	-2.663700	0.000000	0.000000	-0.012957	0.000000	-0.498354	0.498354	0.996708
0.450000	-2.663400	0.000000	0.000000	-0.012957	0.000000	-0.498354	0.498354	0.996708
0.460000	-2.663100	0.000000	-0.006479	-0.012957	0.000000	-0.498354	0.498354	0.996708
0.470000	-2.662800	0.000000	-0.006479	-0.012957	0.000000	-0.498354	0.498354	0.996708
0.480000	-2.662500	0.000000	-0.006479	-0.012957	0.000000	-0.498354	0.498354	0.996708
0.490000	-2.662200	0.000000	-0.006479	-0.012957	0.000000	-0.498354	0.498354	0.996708
0.500000	-2.661900	0.000000	-0.006479	-0.012957	0.000000	-0.498354	0.498354	0.996708
0.510000	-2.661600	0.000000	-0.006479	-0.012957	0.000000	-0.498354	0.498354	0.996708
0.520000	-2.661200	0.000000	-0.006479	-0.012957	0.000000	-0.498354	0.498354	0.996708
0.530000	-2.660800	0.000000	0.000000	-0.012957	0.000000	-0.498354	0.498354	0.996708
0.540000	-2.660500	0.000000	0.000000	-0.012957	0.000000	-0.498354	0.498354	0.996708
0.550000	-2.660100	0.000000	-0.006479	-0.012957	0.000000	-0.498354	0.498354	0.996708
0.560000	-2.659700	0.000000	0.000000	-0.012957	0.000000	-0.498354	0.498354	0.996708
0.570000	-2.659300	0.000000	0.000000	-0.012957	0.000000	-0.498354	0.498354	0.996708
0.580000	-2.658900	0.000000	0.000000	-0.012957	0.000000	-0.498354	0.498354	0.996708
0.590000	-2.658500	0.000000	-0.006479	-0.012957	0.000000	-0.498354	0.498354	0.996708
0.600000	-2.658000	0.000000	0.000000	-0.012957	0.000000	-0.498354	0.498354	0.996708
0.610000	-2.657600	0.000000	0.000000	-0.012957	0.000000	-0.498354	0.498354	0.996708
0.620000	-2.657100	0.000000	0.000000	-0.012957	0.000000	-0.498354	0.498354	0.498354
0.630000	-2.656600	0.000000	0.000000	-0.006479	0.000000	-0.498354	0.498354	0.498354
0.640000	-2.656200	0.000000	0.000000	-0.006479	0.000000	-0.498354	0.498354	0.498354
0.650000	-2.655700	0.000000	0.000000	-0.012957	0.000000	-0.498354	0.498354	0.498354
0.660000	-2.655200	0.000000	0.000000	-0.012957	0.000000	-0.498354	0.498354	0.498354
0.670000	-2.654700	0.000000	0.000000	-0.006479	0.000000	-0.498354	0.498354	0.498354
0.680000	-2.654200	0.000000	0.000000	-0.006479	0.000000	-0.498354	0.498354	0.498354
0.690000	-2.653700	0.000000	0.000000	-0.006479	0.000000	-0.498354	0.498354	0.498354
0.700000	-2.653100	0.000000	0.000000	-0.006479	0.000000	-0.498354	0.498354	0.498354
0.710000	-2.652600	0.000000	0.000000	-0.006479	0.000000	-0.498354	0.498354	0.498354
0.720000	-2.652100	0.000000	0.000000	-0.006479	0.000000	0.000000	0.498354	0.498354
0.730000	-2.651500	0.000000	0.000000	-0.006479	0.000000	0.000000	0.498354	0.498354
0.740000	-2.650800	0.000000	0.000000	-0.006479	0.000000	0.000000	0.498354	0.498354
0.750000	-2.650300	0.000000	0.000000	-0.006479	0.000000	0.000000	0.498354	0.498354
0.760000	-2.649800	0.000000	0.000000	-0.006479	0.000000	0.000000	0.498354	0.498354
0.770000	-2.649200	0.000000	0.000000	-0.006479	0.000000	0.000000	0.498354	0.498354
0.780000	-2.648500	0.000000	0.000000	-0.006479	0.000000	0.000000	0.498354	0.498354
0.790000	-2.648000	0.000000	0.000000	-0.006479	0.000000	0.000000	0.498354	0.498354
0.800000	-2.647300	0.000000	0.000000	-0.006479	0.000000	0.000000	0.498354	0.498354
0.810000	-2.646600	0.000000	0.000000	-0.006479	0.000000	0.000000	0.498354	0.498354
0.820000	-2.646000	0.000000	0.000000	-0.006479	0.000000	0.000000	0.498354	0.498354
0.830000	-2.645300	0.000000	0.000000	-0.006479	0.000000	0.000000	0.498354	0.498354
0.840000	-2.644600	0.000000	0.000000	-0.006479	0.000000	0.000000	0.498354	0.498354
0.850000	-2.643900	0.000000	0.000000	0.000000	0.000000	0.000000	0.498354	0.498354
0.860000	-2.643300	0.000000	0.000000	0.000000	0.000000	0.000000	0.498354	0.498354
0.870000	-2.642600	0.000000	0.000000	-0.006479	0.000000	0.000000	0.498354	0.498354
0.880000	-2.641800	0.000000	0.000000	-0.006479	0.000000	0.000000	0.498354	0.000000
0.890000	-2.641200	0.000000	0.000000	0.000000	0.000000	0.000000	0.498354	0.000000
0.900000	-2.640400	0.000000	0.006479	0.000000	0.000000	0.000000	0.000000	0.000000
0.910000	-2.639700	0.000000	0.000000	0.000000	0.000000	0.000000	0.000000	0.000000
0.920000	-2.638900	0.000000	0.000000	0.000000	0.000000	0.000000	0.000000	0.000000
0.930000	-2.638200	0.000000	0.000000	0.000000	0.000000	0.000000	0.000000	0.000000
0.940000	-2.637400	0.000000	0.000000	0.000000	0.000000	0.000000	0.000000	0.000000
0.950000	-2.636600	0.000000	0.006479	0.000000	0.000000	0.000000	0.000000	0.000000
0.960000	-2.635800	0.000000	0.000000	0.000000	0.000000	0.000000	0.000000	0.000000
0.970000	-2.635000	0.000000	0.000000	0.000000	0.000000	0.000000	0.000000	0.000000
0.980000	-2.634200	0.000000	0.000000	0.000000	0.000000	0.000000	0.000000	0.000000
0.990000	-2.633300	0.000000	0.006479	0.000000	0.000000	0.000000	0.000000	0.000000
1.000000	-2.632500	0.000000	0.006479	0.000000	0.000000	0.000000	0.000000	0.000000
1.010000	-2.631700	0.000000	0.006479	0.006479	0.000000	0.000000	0.000000	0.000000
1.020000	-2.630800	0.000000	0.006479	0.006479	0.000000	0.000000	0.000000	0.000000
1.030000	-2.630100	0.000000	0.006479	0.000000	0.000000	0.000000	0.000000	0.000000
1.040000	-2.629100	0.000000	0.006479	0.000000	0.000000	0.000000	0.000000	0.000000
1.050000	-2.628200	0.000000	0.006479	0.006479	0.000000	0.000000	0.000000	0.000000
1.060000	-2.627300	0.000000	0.006479	0.006479	0.000000	0.000000	0.000000	0.000000
1.070000	-2.626400	0.000000	0.006479	0.006479	0.000000	0.000000	0.000000	0.000000
1.080000	-2.625600	0.000000	0.006479	0.006479	0.000000	0.000000	0.000000	-0.498354
1.090000	-2.624600	0.000000	0.006479	0.006479	0.000000	0.000000	0.000000	-0.498354
1.100000	-2.623700	0.000000	0.006479	0.006479	0.000000	0.498354	0.000000	-0.498354
1.110000	-2.622700	0.000000	0.006479	0.006479	0.000000	0.498354	0.000000	-0.498354
1.120000	-2.621800	0.000000	0.006479	0.006479	0.000000	0.498354	0.000000	-0.498354
1.130000	-2.620800	0.000000	0.006479	0.006479	0.000000	0.000000	0.000000	-0.498354
1.140000	-2.619900	0.000000	0.006479	0.006479	0.000000	0.498354	0.000000	-0.498354
1.150000	-2.618800	0.000000	0.006479	0.006479	0.000000	0.498354	0.000000	-0.498354
1.160000	-2.617800	0.000000	0.006479	0.012957	0.000000	0.498354	0.000000	-0.498354
1.170000	-2.616800	0.000000	0.006479	0.012957	-0.019934	0.498354	0.000000	-0.498354
1.180000	-2.615800	0.000000	0.006479	0.006479	0.000000	0.498354	0.000000	-0.498354
1.190000	-2.614900	0.000000	0.006479	0.012957	0.000000	0.498354	0.000000	-0.498354
1.200000	-2.613800	0.000000	0.006479	0.012957	-0.019934	0.498354	-0.498354	-0.498354
1.210000	-2.612900	0.000000	0.006479	0.012957	-0.019934	0.498354	-0.498354	-0.498354
1.220000	-2.611900	0.000000	0.006479	0.012957	-0.019934	0.498354	-0.498354	-0.498354
1.230000	-2.610800	0.000000	0.006479	0.012957	0.000000	0.498354	-0.498354	-0.996708
1.240000	-2.609900	0.000000	0.006479	0.012957	0.000000	0.498354	-0.498354	-0.996708
1.250000	-2.608900	0.000000	0.006479	0.012957	-0.019934	0.498354	-0.498354	-0.996708
1.260000	-2.607900	0.000000	0.006479	0.019436	-0.019934	0.498354	-0.498354	-0.996708
1.270000	-2.606800	0.000000	0.006479	0.012957	-0.019934	0.498354	-0.498354	-0.996708
1.280000	-2.605900	0.000000	0.006479	0.012957	-0.019934	0.498354	-0.498354	-0.996708
1.290000	-2.604900	0.000000	0.006479	0.012957	-0.019934	0.498354	-0.498354	-0.996708
1.300000	-2.603900	0.000000	0.006479	0.012957	-0.019934	0.498354	-0.498354	-0.996708
1.310000	-2.602900	0.000000	0.006479	0.019436	-0.019934	0.498354	-0.498354	-0.996708
1.320000	-2.601800	0.000000	0.012957	0.019436	-0.019934	0.498354	-0.498354	-0.996708
1.330000	-2.600900	0.000000	0.012957	0.019436	-0.019934	0.498354	-0.498354	-0.996708
1.340000	-2.599800	0.000000	0.012957	0.019436	-0.019934	0.498354	-0.498354	-0.996708
1.350000	-2.598800	0.000000	0.006479	0.019436	-0.019934	0.498354	-0.498354	-0.996708
1.360000	-2.597900	0.000000	0.012957	0.019436	-0.019934	0.498354	-0.498354	-0.996708
1.370000	-2.596900	0.000000	0.012957	0.019436	-0.019934	0.498354	-0.498354	-0.996708
1.380000	-2.595800	0.000000	0.012957	0.019436	-0.019934	0.498354	-0.498354	-0.996708
1.390000	-2.594800	0.000000	0.012957	0.019436	-0.019934	0.498354	-0.498354	-1.495062
1.400000	-2.593900	0.000000	0.012957	0.019436	-0.019934	0.498354	-0.498354	-1.495062
1.410000	-2.592900	0.000000	0.012957	0.019436	-0.019934	0.996708	-0.498354	-1.495062
1.420000	-2.591900	0.000000	0.012957	0.019436	-0.019934	0.996708	-0.498354	-1.495062
1.430000	-2.590900	0.000000	0.012957	0.019436	-0.019934	0.498354	-0.498354	-1.495062
1.440000	-2.590100	0.000000	0.012957	0.019436	-0.019934	0.498354	-0.498354	-1.495062
1.450000	-2.589000	0.000000	0.012957	0.019436	-0.019934	0.996708	-0.498354	-1.495062
1.460000	-2.587800	0.000000	0.012957	0.025914	-0.019934	0.996708	-0.498354	-1.495062
1.470000	-2.587000	0.000000	0.012957	0.025914	-0.019934	0.996708	-0.498354	-1.495062
1.480000	-2.585800	0.000000	0.012957	0.025914	-0.019934	0.996708	-0.498354	-1.495062
1.490000	-2.584900	0.000000	0.012957	0.025914	-0.019934	0.996708	-0.996708	-1.495062
1.500000	-2.583900	0.000000	0.012957	0.025914	-0.019934	0.996708	-0.996708	-1.495062
1.510000	-2.582800	0.000000	0.012957	0.025914	-0.019934	0.996708	-0.996708	-1.495062
1.520000	-2.581800	0.000000	0.012957	0.025914	-0.019934	0.996708	-0.996708	-1.495062
1.530000	-2.580800	0.000000	0.012957	0.025914	-0.019934	0.996708	-0.996708	-1.495062
1.540000	-2.579800	0.000000	0.012957	0.025914	-0.019934	0.996708	-0.996708	-1.495062
1.550000	-2.578800	0.000000	0.012957	0.025914	-0.019934	0.996708	-0.996708	-1.495062
1.560000	-2.577900	0.000000	0.012957	0.025914	-0.019934	0.996708	-0.996708	-1.993416
1.570000	-2.576800	0.000000	0.012957	0.032393	-0.019934	0.996708	-0.996708	-1.993416
1.580000	-2.575900	0.000000	0.012957	0.032393	-0.019934	0.996708	-0.996708	-1.993416
1.590000	-2.574800	0.000000	0.012957	0.032393	-0.019934	0.996708	-0.996708	-1.993416
1.600000	-2.573800	0.000000	0.012957	0.032393	-0.019934	0.996708	-0.996708	-1.993416
1.610000	-2.572800	0.000000	0.012957	0.032393	-0.019934	0.996708	-0.996708	-1.993416
1.620000	-2.571900	0.000000	0.019436	0.032393	-0.019934	0.996708	-0.996708	-1.993416
1.630000	-2.570900	0.000000	0.019436	0.032393	-0.019934	0.996708	-0.996708	-1.993416
1.640000	-2.569900	0.000000	0.012957	0.032393	-0.019934	0.996708	-0.996708	-1.993416
1.650000	-2.568900	0.000000	0.012957	0.032393	-0.019934	0.996708	-0.996708	-1.993416
1.660000	-2.568000	0.000000	0.019436	0.032393	-0.019934	0.996708	-0.996708	-1.993416
1.670000	-2.566900	0.000000	0.019436	0.032393	-0.019934	0.996708	-0.996708	-1.993416
1.680000	-2.565900	0.000000	0.019436	0.032393	-0.019934	0.996708	-0.996708	-1.993416
1.690000	-2.564800	0.000000	0.019436	0.032393	-0.019934	0.996708	-0.996708	-1.993416
1.700000	-2.563900	0.000000	0.019436	0.032393	-0.019934	0.996708	-0.996708	-1.993416
1.710000	-2.562800	0.000000	0.019436	0.032393	-0.019934	0.996708	-0.996708	-1.993416
1.720000	-2.561800	0.000000	0.019436	0.038872	-0.019934	0.996708	-0.996708	-1.993416
1.730000	-2.560800	0.000000	0.019436	0.038872	-0.019934	0.996708	-0.996708	-2.491770
1.740000	-2.559900	0.000000	0.019436	0.038872	-0.019934	0.996708	-0.996708	-2.491770
1.750000	-2.558800	0.000000	0.019436	0.038872	-0.019934	0.996708	-0.996708	-2.491770
1.760000	-2.557900	0.000000	0.019436	0.038872	-0.019934	0.996708	-0.996708	-2.491770
1.770000	-2.556900	0.000000	0.019436	0.038872	-0.019934	1.495062	-0.996708	-2.491770
1.780000	-2.555800	0.000000	0.019436	0.038872	-0.019934	1.495062	-0.996708	-2.491770
1.790000	-2.554800	0.000000	0.019436	0.038872	-0.019934	1.495062	-0.996708	-2.491770
1.800000	-2.553900	0.000000	0.019436	0.038872	-0.019934	1.495062	-0.996708	-2.491770
1.810000	-2.552800	0.000000	0.019436	0.038872	-0.019934	1.495062	-1.495062	-2.491770
1.820000	-2.551900	0.000000	0.019436	0.038872	-0.019934	1.495062	-1.495062	-2.491770
1.830000	-2.550800	0.000000	0.019436	0.038872	-0.019934	1.495062	-1.495062	-2.491770
1.840000	-2.549900	0.000000	0.019436	0.038872	-0.019934	1.495062	-1.495062	-2.491770
1.850000	-2.548800	0.000000	0.019436	0.038872	-0.019934	1.495062	-1.495062	-2.491770
1.860000	-2.547900	0.000000	0.019436	0.038872	-0.019934	1.495062	-1.495062	-2.491770
1.870000	-2.546900	0.000000	0.019436	0.038872	-0.019934	1.495062	-1.495062	-2.491770
1.880000	-2.545800	0.000000	0.019436	0.045350	-0.019934	1.495062	-1.495062	-2.491770
1.890000	-2.544800	0.000000	0.019436	0.045350	-0.019934	1.495062	-1.495062	-2.491770
1.900000	-2.543900	0.000000	0.019436	0.045350	-0.019934	1.495062	-1.495062	-2.491770
1.910000	-2.542900	0.000000	0.019436	0.045350	-0.019934	1.495062	-1.495062	-2.491770
1.920000	-2.541800	0.000000	0.019436	0.045350	-0.019934	1.495062	-1.495062	-2.491770
1.930000	-2.540800	0.000000	0.019436	0.045350	-0.019934	1.495062	-1.495062	-2.990125
1.940000	-2.539900	0.000000	0.019436	0.045350	-0.019934	1.495062	-1.495062	-2.990125
1.950000	-2.538900	0.000000	0.019436	0.045350	-0.019934	1.495062	-1.495062	-2.990125
1.960000	-2.537800	0.000000	0.019436	0.045350	-0.019934	1.495062	-1.495062	-2.990125
1.970000	-2.536800	0.000000	0.019436	0.045350	-0.019934	1.495062	-1.495062	-2.990125
1.980000	-2.535800	0.000000	0.019436	0.045350	-0.019934	1.495062	-1.495062	-2.990125
1.990000	-2.534800	0.000000	0.019436	0.045350	-0.019934	1.495062	-1.495062	-2.990125
2.000000	-2.533800	0.000000	0.019436	0.045350	-0.019934	1.495062	-1.495062	-2.990125
2.010000	-2.532900	0.000000	0.025914	0.045350	-0.019934	1.495062	-1.495062	-2.990125
2.020000	-2.531800	0.000000	0.025914	0.045350	-0.019934	1.495062	-1.495062	-2.990125
2.030000	-2.530900	0.000000	0.025914	0.045350	-0.019934	1.495062	-1.495062	-2.990125
2.040000	-2.529800	0.000000	0.025914	0.051829	-0.019934	1.495062	-1.495062	-2.990125
2.050000	-2.528900	0.000000	0.019436	0.051829	-0.019934	1.495062	-1.495062	-2.990125
2.060000	-2.527900	0.000000	0.025914	0.051829	-0.019934	1.495062	-1.495062	-2.990125
2.070000	-2.526900	0.000000	0.025914	0.045350	-0.019934	1.495062	-1.495062	-2.990125
2.080000	-2.525900	0.000000	0.025914	0.051829	-0.019934	1.495062	-1.495062	-2.990125
2.090000	-2.524800	0.000000	0.025914	0.051829	-0.019934	1.993416	-1.495062	-2.990125
2.100000	-2.523900	0.000000	0.025914	0.051829	-0.019934	1.993416	-1.495062	-2.990125
2.110000	-2.522800	0.000000	0.025914	0.051829	-0.019934	1.495062	-1.495062	-2.990125
2.120000	-2.521900	0.000000	0.025914	0.051829	-0.019934	1.495062	-1.495062	-3.488479
2.130000	-2.520800	0.000000	0.025914	0.051829	-0.019934	1.495062	-1.993416	-3.488479
2.140000	-2.519800	0.000000	0.025914	0.051829	-0.019934	1.993416	-1.993416	-3.488479
2.150000	-2.518900	0.000000	0.025914	0.051829	-0.019934	1.993416	-1.993416	-3.488479
2.160000	-2.517900	0.000000	0.025914	0.051829	-0.019934	1.993416	-1.495062	-3.488479
2.170000	-2.516900	0.000000	0.025914	0.051829	-0.019934	1.993416	-1.495062	-3.488479
2.180000	-2.515800	0.000000	0.025914	0.051829	-0.039868	1.993416	-1.993416	-3.488479
2.190000	-2.514800	0.000000	0.025914	0.058307	-0.039868	1.993416	-1.993416	-3.488479
2.200000	-2.513800	0.000000	0.025914	0.051829	-0.019934	1.993416	-1.993416	-3.488479
2.210000	-2.512900	0.000000	0.025914	0.051829	-0.019934	1.993416	-1.993416	-3.488479
2.220000	-2.511800	0.000000	0.025914	0.051829	-0.019934	1.993416	-1.993416	-3.488479
2.230000	-2.510900	0.000000	0.025914	0.051829	-0.019934	1.993416	-1.993416	-3.488479
2.240000	-2.509800	0.000000	0.025914	0.058307	-0.019934	1.993416	-1.993416	-3.488479
2.250000	-2.508900	0.000000	0.025914	0.058307	-0.039868	1.993416	-1.993416	-3.488479
2.260000	-2.507900	0.000000	0.025914	0.058307	-0.039868	1.993416	-1.993416	-3.488479
2.270000	-2.506800	0.000000	0.025914	0.051829	-0.019934	1.993416	-1.993416	-3.488479
2.280000	-2.505800	0.000000	0.025914	0.058307	-0.019934	1.993416	-1.993416	-3.488479
2.290000	-2.504900	0.000000	0.025914	0.058307	-0.039868	1.993416	-1.993416	-3.488479
2.300000	-2.503800	0.000000	0.025914	0.058307	-0.039868	1.993416	-1.993416	-3.488479
2.310000	-2.502900	0.000000	0.025914	0.058307	-0.039868	1.993416	-1.993416	-3.488479
2.320000	-2.501800	0.000000	0.025914	0.058307	-0.039868	1.993416	-1.993416	-3.488479
2.330000	-2.500900	0.000000	0.025914	0.058307	-0.039868	1.993416	-1.993416	-3.488479
2.340000	-2.499900	0.000000	0.025914	0.058307	-0.039868	1.993416	-1.993416	-3.488479
2.350000	-2.498800	0.000000	0.025914	0.058307	-0.039868	1.993416	-1.993416	-3.488479
2.360000	-2.497900	0.000000	0.025914	0.058307	-0.039868	1.993416	-1.993416	-3.986833
2.370000	-2.496800	0.000000	0.025914	0.058307	-0.039868	1.993416	-1.993416	-3.986833
2.380000	-2.495900	0.000000	0.032393	0.058307	-0.039868	1.993416	-1.993416	-3.986833
2.390000	-2.494800	0.000000	0.032393	0.058307	-0.039868	1.993416	-1.993416	-3.986833
2.400000	-2.493900	0.000000	0.032393	0.058307	-0.039868	1.993416	-1.993416	-3.986833
2.410000	-2.492900	0.000000	0.032393	0.058307	-0.039868	1.993416	-1.993416	-3.986833
2.420000	-2.491800	0.000000	0.032393	0.058307	-0.039868	1.993416	-1.993416	-3.986833
2.430000	-2.490900	0.000000	0.032393	0.058307	-0.039868	1.993416	-1.993416	-3.986833
2.440000	-2.489900	0.000000	0.025914	0.058307	-0.039868	1.993416	-1.993416	-3.986833
2.450000	-2.488900	0.000000	0.032393	0.058307	-0.039868	1.993416	-1.993416	-3.986833
2.460000	-2.487800	0.000000	0.032393	0.064786	-0.039868	1.993416	-1.993416	-3.986833
2.470000	-2.486900	0.000000	0.032393	0.058307	-0.039868	1.993416	-1.993416	-3.986833
2.480000	-2.485900	0.000000	0.032393	0.058307	-0.039868	1.993416	-1.993416	-3.986833
2.490000	-2.484900	0.000000	0.032393	0.058307	-0.039868	1.993416	-1.993416	-3.986833
2.500000	-2.483800	0.000000	0.032393	0.058307	-0.039868	1.993416	-1.993416	-3.986833
2.510000	-2.482800	0.000000	0.032393	0.064786	-0.039868	1.993416	-1.993416	-3.986833
2.520000	-2.481900	0.000000	0.032393	0.064786	-0.039868	1.993416	-1.993416	-3.986833
2.530000	-2.480800	0.000000	0.032393	0.064786	-0.039868	1.993416	-1.993416	-3.986833
2.540000	-2.479900	0.000000	0.032393	0.064786	-0.039868	1.993416	-1.993416	-3.986833
2.550000	-2.478800	0.000000	0.032393	0.064786	-0.039868	1.993416	-1.993416	-3.986833
2.560000	-2.477900	0.000000	0.032393	0.064786	-0.039868	1.993416	-1.993416	-3.986833
2.570000	-2.476800	0.000000	0.032393	0.064786	-0.039868	1.993416	-1.993416	-3.986833
2.580000	-2.475900	0.000000	0.032393	0.064786	-0.039868	1.993416	-1.993416	-3.986833
2.590000	-2.474900	0.000000	0.032393	0.058307	-0.039868	1.993416	-1.993416	-3.986833
2.600000	-2.473900	0.000000	0.032393	0.064786	-0.039868	1.993416	-1.993416	-3.986833
2.610000	-2.472900	0.000000	0.032393	0.064786	-0.039868	1.993416	-1.993416	-3.986833
2.620000	-2.471900	0.000000	0.032393	0.064786	-0.039868	1.993416	-1.993416	-3.986833
2.630000	-2.470900	0.000000	0.032393	0.064786	-0.039868	1.993416	-1.993416	-3.986833
2.640000	-2.469900	0.000000	0.032393	0.064786	-0.039868	1.993416	-1.993416	-3.986833
2.650000	-2.468800	0.000000	0.032393	0.064786	-0.039868	1.993416	-2.491770	-3.986833
2.660000	-2.467900	0.000000	0.032393	0.064786	-0.039868	1.993416	-2.491770	-3.986833
2.670000	-2.466800	0.000000	0.032393	0.064786	-0.039868	1.993416	-1.993416	-3.986833
2.680000	-2.465900	0.000000	0.032393	0.064786	-0.039868	1.993416	-1.993416	-3.986833
2.690000	-2.464800	0.000000	0.032393	0.064786	-0.039868	1.993416	-2.491770	-3.986833
2.700000	-2.463800	0.000000	0.032393	0.064786	-0.039868	1.993416	-2.491770	-3.986833
2.710000	-2.462900	0.000000	0.032393	0.064786	-0.039868	2.491770	-2.491770	-3.986833
2.720000	-2.461900	0.000000	0.032393	0.064786	-0.039868	2.491770	-2.491770	-3.986833
2.730000	-2.460800	0.000000	0.032393	0.064786	-0.039868	2.491770	-2.491770	-4.485187
2.740000	-2.459800	0.000000	0.032393	0.064786	-0.039868	1.993416	-2.491770	-4.485187
2.750000	-2.458800	0.000000	0.032393	0.064786	-0.039868	1.993416	-2.491770	-4.485187
2.760000	-2.457800	0.000000	0.032393	0.064786	-0.039868	2.491770	-2.491770	-4.485187
2.770000	-2.456800	0.000000	0.032393	0.071265	-0.039868	2.491770	-2.491770	-4.485187
2.780000	-2.455900	0.000000	0.032393	0.071265	-0.039868	2.491770	-2.491770	-4.485187
2.790000	-2.454900	0.000000	0.032393	0.064786	-0.039868	2.491770	-2.491770	-4.485187
2.800000	-2.453900	0.000000	0.032393	0.064786	-0.039868	1.993416	-2.491770	-4.485187
2.810000	-2.453000	0.000000	0.032393	0.064786	-0.039868	2.491770	-2.491770	-4.485187
2.820000	-2.451900	0.000000	0.032393	0.071265	-0.039868	2.491770	-2.491770	-4.485187
2.830000	-2.450900	0.000000	0.032393	0.071265	-0.039868	2.491770	-2.491770	-4.485187
2.840000	-2.449900	0.000000	0.032393	0.064786	-0.039868	2.491770	-2.491770	-4.485187
2.850000	-2.448800	0.000000	0.032393	0.064786	-0.039868	2.491770	-2.491770	-4.485187
2.860000	-2.447900	0.000000	0.032393	0.064786	-0.039868	2.491770	-2.491770	-4.485187
2.870000	-2.446900	0.000000	0.032393	0.071265	-0.039868	2.491770	-2.491770	-4.485187
2.880000	-2.445900	0.000000	0.032393	0.071265	-0.039868	2.491770	-2.491770	-4.485187
2.890000	-2.444900	0.000000	0.032393	0.071265	-0.039868	2.491770	-2.491770	-4.485187
2.900000	-2.443800	0.000000	0.032393	0.064786	-0.039868	2.491770	-2.491770	-4.485187
2.910000	-2.442900	0.000000	0.032393	0.071265	-0.039868	2.491770	-2.491770	-4.485187
2.920000	-2.441900	0.000000	0.038872	0.071265	-0.039868	2.491770	-2.491770	-4.485187
2.930000	-2.440900	0.000000	0.038872	0.071265	-0.039868	2.491770	-2.491770	-4.485187
2.940000	-2.439800	0.000000	0.038872	0.071265	-0.039868	2.491770	-2.491770	-4.485187
2.950000	-2.438900	0.000000	0.038872	0.071265	-0.039868	2.491770	-2.491770	-4.485187
2.960000	-2.438000	0.000000	0.032393	0.071265	-0.039868	2.491770	-2.491770	-4.485187
2.970000	-2.436800	0.000000	0.032393	0.071265	-0.039868	2.491770	-2.491770	-4.485187
2.980000	-2.435900	0.000000	0.038872	0.071265	-0.039868	2.491770	-2.491770	-4.485187
2.990000	-2.434800	0.000000	0.038872	0.071265	-0.039868	2.491770	-2.491770	-4.485187
3.000000	-2.434000	0.000000	0.038872	0.071265	-0.039868	2.491770	-2.491770	-4.485187
3.010000	-2.432900	0.000000	0.038872	0.071265	-0.039868	2.491770	-2.491770	-4.485187
3.020000	-2.431900	0.000000	0.038872	0.071265	-0.039868	2.491770	-2.491770	-4.485187
3.030000	-2.431000	0.000000	0.038872	0.071265	-0.039868	2.491770	-2.491770	-4.485187
3.040000	-2.429900	0.000000	0.038872	0.071265	-0.039868	2.491770	-2.491770	-4.485187
3.050000	-2.428800	0.000000	0.038872	0.071265	-0.039868	2.491770	-2.491770	-4.485187
3.060000	-2.427900	0.000000	0.038872	0.071265	-0.039868	2.491770	-2.491770	-4.485187
3.070000	-2.426800	0.000000	0.038872	0.071265	-0.039868	2.491770	-2.491770	-4.485187
3.080000	-2.425600	0.000000	0.038872	0.071265	-0.039868	2.491770	-2.491770	-4.485187
3.090000	-2.424700	0.000000	0.038872	0.071265	-0.039868	2.491770	-2.491770	-4.485187
3.100000	-2.423800	0.000000	0.038872	0.071265	-0.039868	2.491770	-2.491770	-4.485187
3.110000	-2.422800	0.000000	0.038872	0.071265	-0.039868	2.491770	-2.491770	-4.485187
3.120000	-2.421900	0.000000	0.038872	0.071265	-0.039868	2.491770	-2.491770	-4.485187
3.130000	-2.420800	0.000000	0.038872	0.071265	-0.039868	2.491770	-2.491770	-4.485187
3.140000	-2.419900	0.000000	0.038872	0.071265	-0.039868	2.491770	-2.491770	-4.485187
3.150000	-2.418800	0.000000	0.038872	0.071265	-0.039868	2.491770	-2.491770	-4.485187
3.160000	-2.417900	0.000000	0.038872	0.071265	-0.039868	2.491770	-2.491770	-4.485187
3.170000	-2.416900	0.000000	0.038872	0.071265	-0.039868	2.491770	-2.491770	-4.485187
3.180000	-2.415900	0.000000	0.038872	0.071265	-0.039868	2.491770	-2.491770	-4.485187
3.190000	-2.414900	0.000000	0.038872	0.071265	-0.039868	2.491770	-2.491770	-4.485187
3.200000	-2.413800	0.000000	0.038872	0.071265	-0.039868	2.491770	-2.491770	-4.485187
3.210000	-2.412900	0.000000	0.038872	0.071265	-0.039868	2.491770	-2.491770	-4.485187
3.220000	-2.411800	0.000000	0.038872	0.071265	-0.039868	2.491770	-2.491770	-4.485187
3.230000	-2.410800	0.000000	0.038872	0.071265	-0.039868	2.491770	-2.491770	-4.485187
3.240000	-2.409900	0.000000	0.038872	0.071265	-0.039868	2.491770	-2.491770	-4.485187
3.250000	-2.408900	0.000000	0.038872	0.071265	-0.039868	2.491770	-2.491770	-4.983541
3.260000	-2.407900	0.000000	0.038872	0.071265	-0.039868	2.491770	-2.491770	-4.983541
3.270000	-2.406900	0.000000	0.038872	0.071265	-0.039868	2.491770	-2.491770	-4.983541
3.280000	-2.405900	0.000000	0.038872	0.071265	-0.039868	2.491770	-2.491770	-4.983541
3.290000	-2.404900	0.000000	0.038872	0.071265	-0.039868	2.491770	-2.491770	-4.983541
3.300000	-2.403900	0.000000	0.038872	0.077743	-0.039868	2.491770	-2.491770	-4.983541
3.310000	-2.402900	0.000000	0.038872	0.071265	-0.039868	2.491770	-2.491770	-4.983541
3.320000	-2.401800	0.000000	0.038872	0.071265	-0.039868	2.491770	-2.491770	-4.983541
3.330000	-2.400900	0.000000	0.038872	0.071265	-0.039868	2.491770	-2.491770	-4.983541
3.340000	-2.399900	0.000000	0.038872	0.071265	-0.059802	2.491770	-2.491770	-4.983541
3.350000	-2.398900	0.000000	0.038872	0.077743	-0.059802	2.491770	-2.491770	-4.983541
3.360000	-2.397900	0.000000	0.038872	0.077743	-0.059802	2.491770	-2.491770	-4.983541
3.370000	-2.396900	0.000000	0.038872	0.077743	-0.059802	2.491770	-2.491770	-4.983541
3.380000	-2.395800	0.000000	0.038872	0.071265	-0.059802	2.491770	-2.491770	-4.983541
3.390000	-2.394800	0.000000	0.038872	0.077743	-0.059802	2.491770	-2.491770	-4.983541
3.400000	-2.393900	0.000000	0.038872	0.077743	-0.059802	2.491770	-2.491770	-4.983541
3.410000	-2.392900	0.000000	0.038872	0.077743	-0.059802	2.491770	-2.491770	-4.983541
3.420000	-2.391900	0.000000	0.038872	0.077743	-0.059802	2.491770	-2.491770	-4.983541
3.430000	-2.390900	0.000000	0.038872	0.077743	-0.059802	2.491770	-2.990125	-4.983541
3.440000	-2.389800	0.000000	0.038872	0.077743	-0.059802	2.491770	-2.990125	-4.983541
3.450000	-2.388900	0.000000	0.038872	0.077743	-0.059802	2.491770	-2.491770	-4.983541
3.460000	-2.387900	0.000000	0.038872	0.077743	-0.059802	2.491770	-2.491770	-4.983541
3.470000	-2.386900	0.000000	0.038872	0.077743	-0.059802	2.491770	-2.491770	-4.983541
3.480000	-2.385800	0.000000	0.038872	0.077743	-0.059802	2.491770	-2.990125	-4.983541
3.490000	-2.384900	0.000000	0.038872	0.077743	-0.059802	2.491770	-2.990125	-4.983541
3.500000	-2.383800	0.000000	0.038872	0.077743	-0.059802	2.491770	-2.990125	-4.983541
3.510000	-2.382900	0.000000	0.038872	0.077743	-0.059802	2.491770	-2.491770	-4.983541
3.520000	-2.381900	0.000000	0.038872	0.077743	-0.059802	2.491770	-2.990125	-4.983541
3.530000	-2.380800	0.000000	0.038872	0.077743	-0.059802	2.491770	-2.990125	-4.983541
3.540000	-2.379800	0.000000	0.038872	0.077743	-0.059802	2.491770	-2.990125	-4.983541
3.550000	-2.378900	0.000000	0.038872	0.077743	-0.059802	2.491770	-2.990125	-4.983541
3.560000	-2.377900	0.000000	0.038872	0.077743	-0.059802	2.990125	-2.990125	-4.983541
3.570000	-2.376900	0.000000	0.038872	0.077743	-0.059802	2.990125	-2.990125	-4.983541
3.580000	-2.375800	0.000000	0.038872	0.077743	-0.059802	2.491770	-2.990125	-4.983541
3.590000	-2.374800	0.000000	0.038872	0.077743	-0.059802	2.491770	-2.990125	-4.983541
3.600000	-2.373900	0.000000	0.038872	0.077743	-0.059802	2.990125	-2.990125	-4.983541
3.610000	-2.372900	0.000000	0.038872	0.077743	-0.059802	2.990125	-2.990125	-4.983541
3.620000	-2.371800	0.000000	0.038872	0.077743	-0.059802	2.990125	-2.990125	-4.983541
3.630000	-2.370900	0.000000	0.038872	0.077743	-0.059802	2.990125	-2.990125	-4.983541
3.640000	-2.369800	0.000000	0.038872	0.077743	-0.059802	2.990125	-2.990125	-4.983541
3.650000	-2.368900	0.000000	0.038872	0.077743	-0.059802	2.990125	-2.990125	-4.983541
3.660000	-2.367900	0.000000	0.038872	0.077743	-0.059802	2.990125	-2.990125	-4.983541
3.670000	-2.366800	0.000000	0.038872	0.077743	-0.059802	2.990125	-2.990125	-5.481895
3.680000	-2.365900	0.000000	0.038872	0.077743	-0.059802	2.990125	-2.990125	-5.481895
3.690000	-2.364800	0.000000	0.038872	0.077743	-0.059802	2.990125	-2.990125	-5.481895
3.700000	-2.363800	0.000000	0.038872	0.077743	-0.059802	2.990125	-2.990125	-5.481895
3.710000	-2.362900	0.000000	0.038872	0.077743	-0.059802	2.990125	-2.990125	-5.481895
3.720000	-2.361900	0.000000	0.038872	0.084222	-0.059802	2.990125	-2.990125	-5.481895
3.730000	-2.360900	0.000000	0.038872	0.084222	-0.059802	2.990125	-2.990125	-5.481895
3.740000	-2.359800	0.000000	0.038872	0.084222	-0.059802	2.990125	-2.990125	-5.481895
3.750000	-2.358800	0.000000	0.038872	0.077743	-0.059802	2.990125	-2.990125	-5.481895
3.760000	-2.357900	0.000000	0.045350	0.084222	-0.059802	2.990125	-2.990125	-5.481895
3.770000	-2.356900	0.000000	0.038872	0.084222	-0.059802	2.990125	-2.990125	-5.481895
3.780000	-2.355900	0.000000	0.038872	0.084222	-0.059802	2.990125	-2.990125	-5.481895
3.790000	-2.354900	0.000000	0.038872	0.084222	-0.059802	2.990125	-2.990125	-5.481895
3.800000	-2.353800	0.000000	0.045350	0.084222	-0.059802	2.990125	-2.990125	-5.481895
3.810000	-2.352800	0.000000	0.045350	0.084222	-0.059802	2.990125	-2.990125	-5.481895
3.820000	-2.351900	0.000000	0.038872	0.084222	-0.059802	2.990125	-2.990125	-5.481895
3.830000	-2.350800	0.000000	0.038872	0.084222	-0.059802	2.990125	-2.990125	-5.481895
3.840000	-2.349900	0.000000	0.038872	0.084222	-0.059802	2.990125	-2.990125	-5.481895
3.850000	-2.348900	0.000000	0.045350	0.084222	-0.059802	2.990125	-2.990125	-5.481895
3.860000	-2.347900	0.000000	0.045350	0.084222	-0.059802	2.990125	-2.990125	-5.481895
3.870000	-2.346900	0.000000	0.045350	0.084222	-0.059802	2.990125	-2.990125	-5.481895
3.880000	-2.345900	0.000000	0.045350	0.084222	-0.059802	2.990125	-2.990125	-5.481895
3.890000	-2.344900	0.000000	0.045350	0.084222	-0.059802	2.990125	-2.990125	-5.481895
3.900000	-2.343900	0.000000	0.045350	0.084222	-0.059802	2.990125	-2.990125	-5.481895
3.910000	-2.342800	0.000000	0.045350	0.084222	-0.059802	2.990125	-2.990125	-5.481895
3.920000	-2.341900	0.000000	0.045350	0.084222	-0.059802	2.990125	-2.990125	-5.481895
3.930000	-2.340800	0.000000	0.045350	0.084222	-0.059802	2.990125	-2.990125	-5.481895
3.940000	-2.339900	0.000000	0.045350	0.084222	-0.059802	2.990125	-2.990125	-5.481895
3.950000	-2.338800	0.000000	0.045350	0.084222	-0.059802	2.990125	-2.990125	-5.481895
3.960000	-2.337900	0.000000	0.045350	0.084222	-0.059802	2.990125	-2.990125	-5.481895
3.970000	-2.336800	0.000000	0.045350	0.084222	-0.059802	2.990125	-2.990125	-5.481895
3.980000	-2.335900	0.000000	0.045350	0.084222	-0.059802	2.990125	-2.990125	-5.481895
3.990000	-2.334800	0.000000	0.045350	0.084222	-0.059802	2.990125	-2.990125	-5.481895
4.000000	-2.333800	0.000000	0.045350	0.084222	-0.059802	2.990125	-2.990125	-5.481895
4.010000	-2.332900	0.000000	0.045350	0.084222	-0.059802	2.990125	-2.990125	-5.481895
4.020000	-2.331900	0.000000	0.045350	0.084222	-0.059802	2.990125	-2.990125	-5.481895
4.030000	-2.330900	0.000000	0.045350	0.084222	-0.059802	2.990125	-2.990125	-5.481895
4.040000	-2.329800	0.000000	0.045350	0.090700	-0.079737	2.990125	-2.990125	-5.481895
4.050000	-2.328900	0.000000	0.045350	0.084222	-0.079737	2.990125	-2.990125	-5.481895
4.060000	-2.327900	0.000000	0.045350	0.084222	-0.079737	2.990125	-2.990125	-5.481895
4.070000	-2.326900	0.000000	0.045350	0.084222	-0.079737	2.990125	-2.990125	-5.481895
4.080000	-2.326000	0.000000	0.045350	0.090700	-0.079737	2.990125	-2.990125	-5.980249
4.090000	-2.324900	0.000000	0.045350	0.090700	-0.079737	2.990125	-2.990125	-5.980249
4.100000	-2.323900	0.000000	0.045350	0.090700	-0.079737	2.990125	-2.990125	-5.980249
4.110000	-2.322900	0.000000	0.045350	0.084222	-0.079737	2.990125	-2.990125	-5.980249
4.120000	-2.321800	0.000000	0.045350	0.084222	-0.079737	2.990125	-2.990125	-5.980249
4.130000	-2.320900	0.000000	0.045350	0.090700	-0.079737	2.990125	-2.990125	-5.980249
4.140000	-2.319900	0.000000	0.045350	0.090700	-0.079737	2.990125	-2.990125	-5.980249
4.150000	-2.318900	0.000000	0.045350	0.084222	-0.079737	2.990125	-2.990125	-5.980249
4.160000	-2.317800	0.000000	0.045350	0.090700	-0.079737	2.990125	-2.990125	-5.980249
4.170000	-2.316800	0.000000	0.045350	0.090700	-0.079737	2.990125	-2.990125	-5.980249
4.180000	-2.315900	0.000000	0.045350	0.090700	-0.079737	2.990125	-2.990125	-5.980249
4.190000	-2.314800	0.000000	0.038872	0.090700	-0.079737	2.990125	-2.990125	-5.980249
4.200000	-2.313900	0.000000	0.045350	0.090700	-0.079737	2.990125	-2.990125	-5.980249
4.210000	-2.312900	0.000000	0.045350	0.090700	-0.079737	2.990125	-2.990125	-5.980249
4.220000	-2.311700	0.000000	0.045350	0.090700	-0.079737	2.990125	-2.990125	-5.980249
4.230000	-2.310900	0.000000	0.045350	0.090700	-0.079737	2.990125	-2.990125	-5.980249
4.240000	-2.309800	0.000000	0.045350	0.090700	-0.079737	2.990125	-2.990125	-5.980249
4.250000	-2.308900	0.000000	0.045350	0.090700	-0.079737	2.990125	-2.990125	-5.980249
4.260000	-2.307900	0.000000	0.045350	0.090700	-0.079737	2.990125	-2.990125	-5.980249
4.270000	-2.306800	0.000000	0.045350	0.090700	-0.079737	2.990125	-2.990125	-5.980249
4.280000	-2.305800	0.000000	0.045350	0.090700	-0.079737	2.990125	-2.990125	-5.980249
4.290000	-2.304900	0.000000	0.045350	0.090700	-0.079737	2.990125	-2.990125	-5.980249
4.300000	-2.304000	0.000000	0.045350	0.090700	-0.079737	2.990125	-2.990125	-5.980249
4.310000	-2.302800	0.000000	0.045350	0.090700	-0.079737	2.990125	-2.990125	-5.980249
4.320000	-2.301800	0.000000	0.045350	0.084222	-0.079737	2.990125	-2.990125	-5.980249
4.330000	-2.300900	0.000000	0.045350	0.090700	-0.079737	2.990125	-2.990125	-5.980249
4.340000	-2.299700	0.000000	0.045350	0.090700	-0.079737	2.990125	-2.990125	-5.980249
4.350000	-2.298900	0.000000	0.045350	0.090700	-0.079737	2.990125	-2.990125	-5.980249
4.360000	-2.297800	0.000000	0.045350	0.090700	-0.079737	2.990125	-2.990125	-5.980249
4.370000	-2.296900	0.000000	0.045350	0.084222	-0.079737	2.990125	-2.990125	-5.980249
4.380000	-2.295900	0.000000	0.045350	0.084222	-0.079737	2.990125	-2.990125	-5.980249
4.390000	-2.294900	0.000000	0.045350	0.090700	-0.079737	2.990125	-2.990125	-5.980249
4.400000	-2.293800	0.000000	0.045350	0.090700	-0.079737	2.990125	-2.990125	-5.980249
4.410000	-2.292900	0.000000	0.045350	0.090700	-0.079737	2.990125	-2.990125	-5.980249
4.420000	-2.292000	0.000000	0.045350	0.090700	-0.079737	2.990125	-2.990125	-5.980249
4.430000	-2.290800	0.000000	0.045350	0.084222	-0.079737	2.990125	-2.990125	-5.980249
4.440000	-2.290000	0.000000	0.045350	0.090700	-0.079737	2.990125	-2.990125	-5.980249
4.450000	-2.288800	0.000000	0.045350	0.090700	-0.079737	2.990125	-2.990125	-5.980249
4.460000	-2.287900	0.000000	0.045350	0.090700	-0.079737	2.990125	-2.990125	-5.980249
4.470000	-2.286900	0.000000	0.045350	0.090700	-0.079737	2.990125	-2.990125	-5.980249
4.480000	-2.285700	0.000000	0.045350	0.084222	-0.079737	2.990125	-2.990125	-5.980249
4.490000	-2.284900	0.000000	0.045350	0.090700	-0.079737	2.990125	-2.990125	-5.980249
4.500000	-2.283900	0.000000	0.045350	0.090700	-0.079737	2.990125	-2.990125	-5.980249
4.510000	-2.282900	0.000000	0.045350	0.090700	-0.079737	2.990125	-2.990125	-5.980249
4.520000	-2.281900	0.000000	0.045350	0.090700	-0.079737	2.990125	-2.990125	-5.980249
4.530000	-2.280900	0.000000	0.045350	0.090700	-0.079737	2.990125	-2.990125	-5.980249
4.540000	-2.280000	0.000000	0.045350	0.090700	-0.079737	2.990125	-2.990125	-5.980249
4.550000	-2.278800	0.000000	0.045350	0.090700	-0.079737	2.990125	-2.990125	-5.980249
4.560000	-2.277800	0.000000	0.045350	0.090700	-0.079737	2.990125	-2.990125	-5.980249
4.570000	-2.276800	0.000000	0.045350	0.090700	-0.079737	2.990125	-2.990125	-5.980249
4.580000	-2.275900	0.000000	0.045350	0.090700	-0.079737	2.990125	-2.990125	-5.980249
4.590000	-2.274800	0.000000	0.045350	0.090700	-0.079737	2.990125	-2.990125	-5.980249
4.600000	-2.273900	0.000000	0.045350	0.090700	-0.079737	3.488479	-2.990125	-5.980249
4.610000	-2.272800	0.000000	0.045350	0.090700	-0.079737	3.488479	-2.990125	-5.980249
4.620000	-2.271700	0.000000	0.045350	0.090700	-0.079737	3.488479	-2.990125	-5.980249
4.630000	-2.270800	0.000000	0.045350	0.090700	-0.079737	2.990125	-2.990125	-5.980249
4.640000	-2.269800	0.000000	0.045350	0.090700	-0.099671	2.990125	-2.990125	-5.980249
4.650000	-2.268900	0.000000	0.045350	0.090700	-0.079737	3.488479	-2.990125	-5.980249
4.660000	-2.267800	0.000000	0.045350	0.090700	-0.079737	3.488479	-2.990125	-5.980249
4.670000	-2.266800	0.000000	0.045350	0.090700	-0.079737	3.488479	-2.990125	-5.980249
4.680000	-2.265800	0.000000	0.045350	0.090700	-0.099671	3.488479	-2.990125	-5.980249
4.690000	-2.264800	0.000000	0.045350	0.090700	-0.099671	2.990125	-2.990125	-5.980249
4.700000	-2.263900	0.000000	0.045350	0.090700	-0.099671	3.488479	-2.990125	-5.980249
4.710000	-2.262900	0.000000	0.045350	0.090700	-0.099671	3.488479	-2.990125	-5.980249
4.720000	-2.261800	0.000000	0.045350	0.090700	-0.099671	3.488479	-2.990125	-5.980249
4.730000	-2.260900	0.000000	0.045350	0.090700	-0.099671	3.488479	-2.990125	-5.980249
4.740000	-2.259800	0.000000	0.045350	0.090700	-0.099671	3.488479	-2.990125	-5.980249
4.750000	-2.258900	0.000000	0.045350	0.090700	-0.099671	3.488479	-2.990125	-5.980249
4.760000	-2.257800	0.000000	0.038872	0.090700	-0.099671	3.488479	-2.990125	-5.980249
4.770000	-2.256900	0.000000	0.045350	0.090700	-0.099671	3.488479	-2.990125	-5.980249
4.780000	-2.255800	0.000000	0.045350	0.090700	-0.099671	3.488479	-2.990125	-5.980249
4.790000	-2.254800	0.000000	0.045350	0.090700	-0.099671	3.488479	-2.990125	-5.980249
4.800000	-2.253900	0.000000	0.045350	0.090700	-0.099671	3.488479	-2.990125	-5.980249
4.810000	-2.252900	0.000000	0.045350	0.090700	-0.099671	3.488479	-2.990125	-5.980249
4.820000	-2.251900	0.000000	0.038872	0.090700	-0.099671	3.488479	-2.990125	-5.980249
4.830000	-2.250800	0.000000	0.045350	0.090700	-0.099671	3.488479	-2.990125	-5.980249
4.840000	-2.249900	0.000000	0.045350	0.090700	-0.099671	3.488479	-2.990125	-5.980249
4.850000	-2.248900	0.000000	0.045350	0.090700	-0.099671	3.488479	-2.990125	-5.980249
4.860000	-2.247900	0.000000	0.045350	0.090700	-0.099671	3.488479	-2.990125	-5.980249
4.870000	-2.246900	0.000000	0.045350	0.090700	-0.099671	3.488479	-2.990125	-5.980249
4.880000	-2.245800	0.000000	0.038872	0.090700	-0.099671	3.488479	-2.990125	-5.980249
4.890000	-2.244900	0.000000	0.045350	0.090700	-0.099671	3.488479	-2.990125	-5.980249
4.900000	-2.243800	0.000000	0.045350	0.090700	-0.099671	3.488479	-2.990125	-5.980249
4.910000	-2.242800	0.000000	0.045350	0.090700	-0.099671	3.488479	-2.990125	-5.980249
4.920000	-2.241900	0.000000	0.045350	0.090700	-0.099671	3.488479	-2.990125	-5.980249
4.930000	-2.240900	0.000000	0.038872	0.090700	-0.099671	3.488479	-2.990125	-5.980249
4.940000	-2.239900	0.000000	0.045350	0.090700	-0.099671	3.488479	-2.990125	-5.980249
4.950000	-2.238900	0.000000	0.045350	0.090700	-0.099671	3.488479	-2.990125	-5.980249
4.960000	-2.237800	0.000000	0.045350	0.090700	-0.099671	3.488479	-2.990125	-5.980249
4.970000	-2.236800	0.000000	0.045350	0.090700	-0.099671	3.488479	-2.990125	-5.980249
4.980000	-2.235900	0.000000	0.045350	0.090700	-0.099671	3.488479	-2.990125	-5.980249
4.990000	-2.234800	0.000000	0.045350	0.090700	-0.099671	3.488479	-2.990125	-5.980249
5.000000	-2.233900	0.000000	0.045350	0.090700	-0.099671	3.488479	-2.990125	-5.980249
5.010000	-2.232800	0.000000	0.045350	0.090700	-0.099671	3.488479	-2.990125	-5.980249
5.020000	-2.231800	0.000000	0.038872	0.090700	-0.099671	3.488479	-2.990125	-5.980249
5.030000	-2.230900	0.000000	0.038872	0.090700	-0.099671	3.488479	-2.990125	-5.980249
5.040000	-2.229800	0.000000	0.045350	0.090700	-0.099671	3.488479	-2.990125	-5.980249
5.050000	-2.228900	0.000000	0.045350	0.090700	-0.099671	3.488479	-2.990125	-5.980249
5.060000	-2.227900	0.000000	0.038872	0.090700	-0.099671	3.488479	-2.990125	-5.980249
5.070000	-2.226800	0.000000	0.038872	0.090700	-0.099671	3.488479	-2.990125	-5.980249
5.080000	-2.225900	0.000000	0.045350	0.090700	-0.119605	3.488479	-2.990125	-5.980249
5.090000	-2.224800	0.000000	0.045350	0.090700	-0.119605	3.488479	-2.990125	-5.980249
5.100000	-2.223900	0.000000	0.038872	0.090700	-0.099671	3.488479	-2.990125	-5.980249
5.110000	-2.222800	0.000000	0.038872	0.090700	-0.099671	3.488479	-2.990125	-5.980249
5.120000	-2.221900	0.000000	0.038872	0.090700	-0.099671	3.488479	-2.990125	-5.980249
5.130000	-2.220900	0.000000	0.038872	0.090700	-0.119605	3.488479	-2.990125	-5.980249
5.140000	-2.219900	0.000000	0.045350	0.090700	-0.119605	3.488479	-2.990125	-5.980249
5.150000	-2.218800	0.000000	0.045350	0.090700	-0.119605	3.488479	-2.990125	-5.980249
5.160000	-2.217900	0.000000	0.038872	0.090700	-0.119605	3.488479	-2.990125	-5.980249
5.170000	-2.216900	0.000000	0.038872	0.090700	-0.119605	3.488479	-2.990125	-5.980249
5.180000	-2.215800	0.000000	0.045350	0.090700	-0.119605	3.488479	-2.990125	-5.980249
5.190000	-2.214900	0.000000	0.038872	0.090700	-0.119605	3.488479	-2.990125	-5.980249
5.200000	-2.213900	0.000000	0.038872	0.090700	-0.119605	3.488479	-2.990125	-5.980249
5.210000	-2.212900	0.000000	0.038872	0.090700	-0.119605	3.488479	-2.990125	-5.980249
5.220000	-2.211900	0.000000	0.038872	0.090700	-0.119605	3.488479	-2.990125	-5.980249
5.230000	-2.210800	0.000000	0.038872	0.090700	-0.119605	3.488479	-2.990125	-5.980249
5.240000	-2.209900	0.000000	0.038872	0.090700	-0.119605	3.488479	-2.990125	-5.980249
5.250000	-2.208900	0.000000	0.038872	0.090700	-0.119605	3.488479	-2.990125	-5.980249
5.260000	-2.207900	0.000000	0.038872	0.090700	-0.119605	3.488479	-2.990125	-5.980249
5.270000	-2.206900	0.000000	0.038872	0.090700	-0.119605	3.488479	-2.990125	-5.980249
5.280000	-2.205900	0.000000	0.038872	0.090700	-0.119605	3.488479	-2.990125	-5.980249
5.290000	-2.204800	0.000000	0.038872	0.090700	-0.119605	3.488479	-2.990125	-5.980249
5.300000	-2.203900	0.000000	0.038872	0.090700	-0.119605	3.488479	-2.990125	-5.980249
5.310000	-2.202900	0.000000	0.038872	0.090700	-0.119605	3.488479	-2.990125	-5.980249
5.320000	-2.201800	0.000000	0.038872	0.090700	-0.119605	3.488479	-2.990125	-5.980249
5.330000	-2.200900	0.000000	0.038872	0.090700	-0.119605	3.488479	-2.990125	-5.980249
5.340000	-2.199900	0.000000	0.038872	0.090700	-0.119605	3.488479	-2.990125	-5.980249
5.350000	-2.198900	0.000000	0.038872	0.090700	-0.119605	3.488479	-2.990125	-5.980249
5.360000	-2.197900	0.000000	0.038872	0.084222	-0.119605	3.488479	-2.990125	-5.980249
5.370000	-2.196900	0.000000	0.038872	0.090700	-0.119605	3.488479	-2.990125	-5.980249
5.380000	-2.195900	0.000000	0.038872	0.090700	-0.119605	3.488479	-2.990125	-5.980249
5.390000	-2.194900	0.000000	0.038872	0.090700	-0.119605	3.488479	-2.990125	-5.980249
5.400000	-2.193800	0.000000	0.038872	0.090700	-0.119605	3.488479	-2.990125	-5.980249
5.410000	-2.192900	0.000000	0.038872	0.090700	-0.119605	3.488479	-2.990125	-5.980249
5.420000	-2.191900	0.000000	0.038872	0.090700	-0.119605	3.488479	-2.990125	-5.980249
5.430000	-2.190900	0.000000	0.038872	0.090700	-0.119605	3.488479	-2.990125	-5.980249
5.440000	-2.189800	0.000000	0.038872	0.090700	-0.119605	3.488479	-2.990125	-5.980249
5.450000	-2.188900	0.000000	0.038872	0.090700	-0.119605	3.488479	-2.990125	-5.980249
5.460000	-2.187900	0.000000	0.038872	0.090700	-0.119605	3.488479	-2.990125	-5.980249
5.470000	-2.186900	0.000000	0.038872	0.090700	-0.119605	3.488479	-2.990125	-5.980249
5.480000	-2.185800	0.000000	0.038872	0.090700	-0.119605	3.488479	-2.990125	-5.980249
5.490000	-2.184900	0.000000	0.038872	0.090700	-0.119605	3.488479	-2.990125	-5.980249
5.500000	-2.183800	0.000000	0.038872	0.090700	-0.119605	3.488479	-2.990125	-5.980249
5.510000	-2.182800	0.000000	0.038872	0.090700	-0.119605	3.488479	-2.990125	-5.980249
5.520000	-2.181900	0.000000	0.038872	0.090700	-0.119605	3.488479	-2.990125	-5.980249
5.530000	-2.180900	0.000000	0.038872	0.090700	-0.119605	3.488479	-2.990125	-5.980249
5.540000	-2.179900	0.000000	0.038872	0.090700	-0.119605	3.488479	-2.990125	-5.980249
5.550000	-2.178900	0.000000	0.038872	0.090700	-0.139539	3.488479	-2.990125	-5.980249
5.560000	-2.177900	0.000000	0.038872	0.090700	-0.139539	3.488479	-2.990125	-5.980249
5.570000	-2.176900	0.000000	0.038872	0.090700	-0.139539	3.488479	-2.990125	-5.980249
5.580000	-2.175900	0.000000	0.038872	0.090700	-0.139539	3.488479	-2.990125	-5.980249
5.590000	-2.174900	0.000000	0.038872	0.090700	-0.139539	3.488479	-2.990125	-5.980249
5.600000	-2.173800	0.000000	0.038872	0.090700	-0.139539	3.488479	-2.990125	-5.980249
5.610000	-2.172800	0.000000	0.038872	0.090700	-0.139539	3.488479	-2.990125	-5.980249
5.620000	-2.171800	0.000000	0.038872	0.090700	-0.139539	3.488479	-2.990125	-5.980249
5.630000	-2.171000	0.000000	0.038872	0.090700	-0.139539	3.488479	-2.990125	-5.980249
5.640000	-2.169800	0.000000	0.038872	0.090700	-0.139539	3.488479	-2.990125	-5.980249
5.650000	-2.168900	0.000000	0.038872	0.090700	-0.139539	3.488479	-2.990125	-5.980249
5.660000	-2.167900	0.000000	0.038872	0.090700	-0.139539	3.488479	-2.990125	-5.980249
5.670000	-2.166800	0.000000	0.038872	0.090700	-0.139539	3.488479	-2.990125	-5.980249
5.680000	-2.165900	0.000000	0.038872	0.090700	-0.139539	3.488479	-2.990125	-5.980249
5.690000	-2.164800	0.000000	0.038872	0.090700	-0.139539	3.488479	-2.990125	-5.980249
5.700000	-2.163900	0.000000	0.038872	0.090700	-0.139539	3.488479	-2.990125	-5.980249
5.710000	-2.162800	0.000000	0.038872	0.097179	-0.139539	3.488479	-2.990125	-5.980249
5.720000	-2.161800	0.000000	0.038872	0.090700	-0.139539	3.488479	-2.990125	-5.980249
5.730000	-2.161000	0.000000	0.038872	0.090700	-0.139539	3.488479	-2.990125	-5.980249
5.740000	-2.159900	0.000000	0.038872	0.090700	-0.139539	3.488479	-2.990125	-5.980249
5.750000	-2.158900	0.000000	0.038872	0.097179	-0.139539	3.488479	-2.990125	-5.980249
5.760000	-2.157800	0.000000	0.038872	0.097179	-0.139539	3.488479	-2.990125	-5.980249
5.770000	-2.156900	0.000000	0.038872	0.097179	-0.139539	3.488479	-2.990125	-5.980249
5.780000	-2.155900	0.000000	0.038872	0.090700	-0.139539	3.488479	-2.990125	-5.980249
5.790000	-2.154800	0.000000	0.038872	0.090700	-0.139539	3.488479	-2.990125	-5.980249
5.800000	-2.153900	0.000000	0.038872	0.097179	-0.139539	3.488479	-2.990125	-5.980249
5.810000	-2.152900	0.000000	0.038872	0.097179	-0.139539	3.488479	-2.990125	-6.478603
5.820000	-2.151900	0.000000	0.038872	0.097179	-0.159473	3.488479	-2.990125	-6.478603
5.830000	-2.150900	0.000000	0.038872	0.090700	-0.139539	3.488479	-2.990125	-6.478603
5.840000	-2.149900	0.000000	0.038872	0.090700	-0.139539	3.488479	-2.990125	-6.478603
5.850000	-2.148800	0.000000	0.038872	0.097179	-0.159473	3.488479	-2.990125	-6.478603
5.860000	-2.147900	0.000000	0.038872	0.097179	-0.159473	3.488479	-2.990125	-6.478603
5.870000	-2.146800	0.000000	0.038872	0.097179	-0.159473	3.488479	-2.990125	-6.478603
5.880000	-2.145800	0.000000	0.038872	0.097179	-0.159473	3.488479	-2.990125	-6.478603
5.890000	-2.144900	0.000000	0.038872	0.097179	-0.159473	3.488479	-2.990125	-6.478603
5.900000	-2.144000	0.000000	0.038872	0.097179	-0.159473	3.488479	-2.990125	-6.478603
5.910000	-2.142800	0.000000	0.038872	0.097179	-0.159473	3.488479	-2.990125	-6.478603
5.920000	-2.141900	0.000000	0.038872	0.097179	-0.159473	3.488479	-2.990125	-6.478603
5.930000	-2.140900	0.000000	0.038872	0.097179	-0.159473	3.488479	-2.990125	-6.478603
5.940000	-2.139900	0.000000	0.038872	0.097179	-0.159473	3.488479	-2.990125	-6.478603
5.950000	-2.138800	0.000000	0.038872	0.097179	-0.159473	3.488479	-2.990125	-6.478603
5.960000	-2.137900	0.000000	0.038872	0.097179	-0.159473	3.488479	-2.990125	-6.478603
5.970000	-2.136700	0.000000	0.038872	0.097179	-0.159473	3.488479	-2.990125	-6.478603
5.980000	-2.135800	0.000000	0.038872	0.097179	-0.159473	3.488479	-2.990125	-6.478603
5.990000	-2.134800	0.000000	0.038872	0.097179	-0.159473	3.488479	-2.990125	-6.478603
6.000000	-2.133900	0.000000	0.032393	0.097179	-0.159473	3.488479	-2.990125	-6.478603
6.010000	-2.132800	0.000000	0.038872	0.097179	-0.159473	3.488479	-2.990125	-6.478603
6.020000	-2.131900	0.000000	0.038872	0.097179	-0.159473	3.488479	-2.990125	-6.478603
6.030000	-2.130900	0.000000	0.038872	0.097179	-0.159473	3.986833	-2.990125	-6.478603
6.040000	-2.129800	0.000000	0.038872	0.097179	-0.159473	3.488479	-2.990125	-6.478603
6.050000	-2.128800	0.000000	0.038872	0.097179	-0.159473	3.488479	-2.990125	-6.478603
6.060000	-2.127800	0.000000	0.038872	0.097179	-0.159473	3.488479	-2.990125	-6.478603
6.070000	-2.126900	0.000000	0.038872	0.097179	-0.159473	3.986833	-2.990125	-6.478603
6.080000	-2.125800	0.000000	0.032393	0.097179	-0.159473	3.986833	-2.990125	-6.478603
6.090000	-2.124800	0.000000	0.038872	0.097179	-0.159473	3.986833	-2.990125	-6.478603
6.100000	-2.124000	0.000000	0.038872	0.097179	-0.159473	3.488479	-2.990125	-6.478603
6.110000	-2.122800	0.000000	0.038872	0.097179	-0.179407	3.488479	-2.990125	-6.478603
6.120000	-2.121900	0.000000	0.038872	0.097179	-0.179407	3.986833	-2.990125	-6.478603
6.130000	-2.120900	0.000000	0.038872	0.097179	-0.179407	3.986833	-2.990125	-6.478603
6.140000	-2.119900	0.000000	0.038872	0.097179	-0.179407	3.986833	-2.990125	-6.478603
6.150000	-2.118900	0.000000	0.038872	0.097179	-0.179407	3.488479	-2.990125	-6.478603
6.160000	-2.117800	0.000000	0.038872	0.097179	-0.179407	3.488479	-2.990125	-6.478603
6.170000	-2.116900	0.000000	0.038872	0.097179	-0.179407	3.986833	-2.990125	-6.478603
6.180000	-2.115700	0.000000	0.032393	0.097179	-0.179407	3.986833	-2.990125	-6.478603
6.190000	-2.114800	0.000000	0.038872	0.097179	-0.179407	3.986833	-2.491770	-6.478603
6.200000	-2.113800	0.000000	0.038872	0.097179	-0.179407	3.986833	-2.491770	-6.478603
6.210000	-2.112800	0.000000	0.038872	0.097179	-0.179407	3.986833	-2.491770	-6.478603
6.220000	-2.111900	0.000000	0.038872	0.097179	-0.179407	3.986833	-2.990125	-6.478603
6.230000	-2.110800	0.000000	0.038872	0.097179	-0.179407	3.986833	-2.990125	-6.478603
6.240000	-2.109900	0.000000	0.032393	0.103658	-0.179407	3.986833	-2.990125	-6.478603
6.250000	-2.108800	0.000000	0.032393	0.097179	-0.179407	3.986833	-2.990125	-6.478603
6.260000	-2.107900	0.000000	0.038872	0.097179	-0.179407	3.986833	-2.990125	-6.478603
6.270000	-2.106800	0.000000	0.032393	0.097179	-0.179407	3.986833	-2.491770	-6.478603
6.280000	-2.105900	0.000000	0.032393	0.097179	-0.179407	3.986833	-2.491770	-6.478603
6.290000	-2.104900	0.000000	0.038872	0.103658	-0.179407	3.986833	-2.990125	-6.478603
6.300000	-2.103800	0.000000	0.038872	0.097179	-0.179407	3.986833	-2.990125	-6.478603
6.310000	-2.102900	0.000000	0.038872	0.097179	-0.199342	3.986833	-2.990125	-6.478603
6.320000	-2.101800	0.000000	0.032393	0.097179	-0.199342	3.986833	-2.491770	-6.478603
6.330000	-2.100900	0.000000	0.032393	0.097179	-0.199342	3.986833	-2.491770	-6.478603
6.340000	-2.099800	0.000000	0.032393	0.103658	-0.199342	3.986833	-2.990125	-6.478603
6.350000	-2.098900	0.000000	0.038872	0.097179	-0.199342	3.986833	-2.990125	-6.478603
6.360000	-2.097900	0.000000	0.038872	0.097179	-0.199342	3.986833	-2.491770	-6.478603
6.370000	-2.096900	0.000000	0.032393	0.097179	-0.199342	3.986833	-2.491770	-6.478603
6.380000	-2.095900	0.000000	0.032393	0.097179	-0.199342	3.986833	-2.491770	-6.478603
6.390000	-2.094800	0.000000	0.038872	0.097179	-0.199342	3.986833	-2.491770	-6.478603
6.400000	-2.093800	0.000000	0.038872	0.097179	-0.199342	3.986833	-2.491770	-6.478603
6.410000	-2.092900	0.000000	0.032393	0.097179	-0.199342	3.986833	-2.491770	-6.478603
6.420000	-2.091900	0.000000	0.032393	0.097179	-0.199342	3.986833	-2.491770	-6.478603
6.430000	-2.090900	0.000000	0.038872	0.097179	-0.199342	3.986833	-2.491770	-6.478603
6.440000	-2.089800	0.000000	0.032393	0.097179	-0.199342	3.986833	-2.491770	-6.478603
6.450000	-2.088900	0.000000	0.032393	0.097179	-0.199342	3.986833	-2.491770	-6.478603
6.460000	-2.087800	0.000000	0.032393	0.097179	-0.199342	3.986833	-2.491770	-6.478603
6.470000	-2.086900	0.000000	0.038872	0.097179	-0.199342	3.986833	-2.491770	-6.478603
6.480000	-2.085800	0.000000	0.038872	0.097179	-0.199342	3.986833	-2.491770	-6.478603
6.490000	-2.084900	0.000000	0.032393	0.097179	-0.199342	3.986833	-2.491770	-6.478603
6.500000	-2.083900	0.000000	0.032393	0.097179	-0.199342	3.986833	-2.491770	-6.478603
6.510000	-2.082800	0.000000	0.032393	0.097179	-0.199342	3.986833	-2.491770	-6.478603
6.520000	-2.081900	0.000000	0.038872	0.097179	-0.199342	3.986833	-2.491770	-6.478603
6.530000	-2.080800	0.000000	0.038872	0.097179	-0.199342	3.986833	-2.491770	-6.478603
6.540000	-2.079900	0.000000	0.032393	0.097179	-0.199342	3.986833	-2.491770	-6.478603
6.550000	-2.078800	0.000000	0.032393	0.097179	-0.199342	3.986833	-2.491770	-6.478603
6.560000	-2.077900	0.000000	0.032393	0.097179	-0.199342	3.986833	-2.491770	-6.478603
6.570000	-2.076800	0.000000	0.038872	0.097179	-0.199342	3.986833	-2.990125	-6.478603
6.580000	-2.075900	0.000000	0.032393	0.097179	-0.199342	3.986833	-2.491770	-6.478603
6.590000	-2.074900	0.000000	0.032393	0.097179	-0.219276	3.986833	-2.491770	-6.478603
6.600000	-2.073800	0.000000	0.032393	0.097179	-0.219276	3.986833	-2.491770	-6.478603
6.610000	-2.072900	0.000000	0.032393	0.097179	-0.219276	3.986833	-2.491770	-6.478603
6.620000	-2.071900	0.000000	0.032393	0.097179	-0.219276	3.986833	-2.990125	-6.478603
6.630000	-2.070900	0.000000	0.032393	0.097179	-0.219276	3.986833	-2.491770	-6.478603
6.640000	-2.070100	0.000000	0.032393	0.097179	-0.219276	3.986833	-2.491770	-6.478603
6.650000	-2.069500	0.000000	0.032393	0.097179	-0.219276	3.986833	-2.491770	-6.478603
6.660000	-2.069100	0.000000	0.032393	0.097179	-0.219276	3.986833	-2.491770	-6.478603
6.670000	-2.068900	0.000000	0.032393	0.097179	-0.199342	3.986833	-2.491770	-6.478603
6.680000	-2.068800	0.000000	0.032393	0.097179	-0.199342	3.986833	-2.491770	-6.478603
6.690000	-2.068700	0.000000	0.032393	0.097179	-0.199342	3.986833	-2.491770	-5.980249
6.700000	-2.068700	0.000000	0.032393	0.097179	-0.199342	3.986833	-2.491770	-5.980249
6.710000	-2.068700	0.000000	0.032393	0.097179	-0.199342	3.986833	-2.491770	-5.980249
6.720000	-2.068700	0.000000	0.032393	0.090700	-0.199342	3.986833	-2.491770	-5.980249
6.730000	-2.068700	0.000000	0.032393	0.090700	-0.199342	3.488479	-2.491770	-5.980249
6.740000	-2.069100	0.000000	0.032393	0.090700	-0.199342	3.488479	-2.491770	-5.980249
6.750000	-2.071800	0.000000	0.032393	0.090700	-0.179407	3.488479	-2.491770	-5.980249
6.760000	-2.073500	0.000000	0.032393	0.090700	-0.179407	3.488479	-2.491770	-5.980249
6.770000	-2.074500	0.000000	0.032393	0.090700	-0.179407	3.488479	-2.491770	-5.980249
6.780000	-2.075800	0.000000	0.032393	0.084222	-0.179407	3.488479	-2.491770	-5.980249
6.790000	-2.077000	0.000000	0.032393	0.084222	-0.179407	3.488479	-2.491770	-5.481895
6.800000	-2.078000	0.000000	0.032393	0.084222	-0.159473	3.488479	-2.491770	-5.481895
6.810000	-2.079000	0.000000	0.032393	0.084222	-0.159473	3.488479	-2.491770	-5.481895
6.820000	-2.080100	0.000000	0.032393	0.084222	-0.159473	3.488479	-2.491770	-5.481895
6.830000	-2.081200	0.000000	0.032393	0.084222	-0.159473	3.488479	-2.491770	-5.481895
6.840000	-2.082000	0.000000	0.032393	0.084222	-0.159473	3.488479	-2.491770	-5.481895
6.850000	-2.083100	0.000000	0.032393	0.084222	-0.159473	3.488479	-2.491770	-5.481895
6.860000	-2.084100	0.000000	0.032393	0.084222	-0.159473	3.488479	-2.491770	-5.481895
6.870000	-2.085200	0.000000	0.032393	0.077743	-0.139539	3.488479	-2.491770	-4.983541
6.880000	-2.086100	0.000000	0.032393	0.077743	-0.139539	3.488479	-2.491770	-4.983541
6.890000	-2.087100	0.000000	0.032393	0.077743	-0.139539	2.990125	-2.491770	-4.983541
6.900000	-2.088100	0.000000	0.032393	0.077743	-0.139539	2.990125	-2.491770	-4.983541
6.910000	-2.089100	0.000000	0.032393	0.077743	-0.139539	2.990125	-2.491770	-4.983541
6.920000	-2.090200	0.000000	0.032393	0.077743	-0.139539	2.990125	-2.491770	-4.983541
6.930000	-2.091200	0.000000	0.032393	0.077743	-0.139539	2.990125	-2.491770	-4.983541
6.940000	-2.092100	0.000000	0.032393	0.077743	-0.139539	2.990125	-2.491770	-4.983541
6.950000	-2.093100	0.000000	0.032393	0.077743	-0.139539	2.990125	-2.491770	-4.983541
6.960000	-2.094100	0.000000	0.032393	0.077743	-0.139539	2.990125	-2.491770	-4.983541
6.970000	-2.095000	0.000000	0.032393	0.077743	-0.119605	2.990125	-2.491770	-4.983541
6.980000	-2.096100	0.000000	0.032393	0.071265	-0.119605	2.990125	-2.491770	-4.485187
6.990000	-2.097200	0.000000	0.032393	0.071265	-0.119605	2.990125	-2.491770	-4.485187
7.000000	-2.098200	0.000000	0.032393	0.071265	-0.119605	2.990125	-2.491770	-4.485187
7.010000	-2.099200	0.000000	0.032393	0.071265	-0.119605	2.990125	-2.491770	-4.485187
7.020000	-2.100100	0.000000	0.032393	0.071265	-0.119605	2.990125	-2.491770	-4.485187
7.030000	-2.101100	0.000000	0.025914	0.071265	-0.119605	2.990125	-2.491770	-4.485187
7.040000	-2.102200	0.000000	0.025914	0.071265	-0.119605	2.990125	-2.491770	-4.485187
7.050000	-2.103100	0.000000	0.025914	0.071265	-0.119605	2.990125	-2.491770	-4.485187
7.060000	-2.104100	0.000000	0.032393	0.071265	-0.119605	2.990125	-2.491770	-4.485187
7.070000	-2.105200	0.000000	0.025914	0.071265	-0.119605	2.990125	-1.993416	-4.485187
7.080000	-2.106200	0.000000	0.025914	0.071265	-0.099671	2.990125	-1.993416	-4.485187
7.090000	-2.107200	0.000000	0.025914	0.064786	-0.099671	2.990125	-1.993416	-4.485187
7.100000	-2.108000	0.000000	0.025914	0.064786	-0.099671	2.990125	-1.993416	-4.485187
7.110000	-2.109100	0.000000	0.025914	0.064786	-0.099671	2.990125	-1.993416	-4.485187
7.120000	-2.110200	0.000000	0.025914	0.064786	-0.099671	2.990125	-1.993416	-3.986833
7.130000	-2.111100	0.000000	0.025914	0.064786	-0.099671	2.491770	-1.993416	-3.986833
7.140000	-2.112100	0.000000	0.025914	0.064786	-0.099671	2.491770	-1.993416	-3.986833
7.150000	-2.113100	0.000000	0.025914	0.064786	-0.099671	2.491770	-1.993416	-3.986833
7.160000	-2.114100	0.000000	0.025914	0.064786	-0.099671	2.491770	-1.993416	-3.986833
7.170000	-2.115100	0.000000	0.025914	0.064786	-0.099671	2.491770	-1.993416	-3.986833
7.180000	-2.116000	0.000000	0.025914	0.064786	-0.099671	2.491770	-1.993416	-3.986833
7.190000	-2.117100	0.000000	0.025914	0.058307	-0.099671	2.491770	-1.993416	-3.986833
7.200000	-2.117800	0.000000	0.025914	0.058307	-0.099671	2.491770	-1.993416	-3.986833
7.210000	-2.118800	0.000000	0.025914	0.058307	-0.099671	2.491770	-1.993416	-3.986833
7.220000	-2.120200	0.000000	0.025914	0.058307	-0.099671	2.491770	-1.993416	-3.986833
7.230000	-2.121200	0.000000	0.025914	0.058307	-0.079737	2.491770	-1.993416	-3.986833
7.240000	-2.122100	0.000000	0.025914	0.058307	-0.079737	2.491770	-1.993416	-3.488479
7.250000	-2.123200	0.000000	0.025914	0.058307	-0.079737	2.491770	-1.993416	-3.488479
7.260000	-2.124200	0.000000	0.025914	0.058307	-0.079737	2.491770	-1.993416	-3.488479
7.270000	-2.125100	0.000000	0.025914	0.058307	-0.079737	2.491770	-1.993416	-3.488479
7.280000	-2.126400	0.000000	0.025914	0.058307	-0.079737	2.491770	-1.993416	-3.488479
7.290000	-2.127100	0.000000	0.025914	0.058307	-0.079737	2.491770	-1.993416	-3.488479
7.300000	-2.128100	0.000000	0.025914	0.058307	-0.079737	2.491770	-1.993416	-3.488479
7.310000	-2.129200	0.000000	0.025914	0.058307	-0.079737	2.491770	-1.993416	-3.488479
7.320000	-2.130200	0.000000	0.025914	0.058307	-0.079737	2.491770	-1.993416	-3.488479
7.330000	-2.131100	0.000000	0.025914	0.058307	-0.079737	2.491770	-1.993416	-3.488479
7.340000	-2.132000	0.000000	0.025914	0.051829	-0.079737	2.491770	-1.993416	-3.488479
7.350000	-2.133100	0.000000	0.025914	0.051829	-0.079737	2.491770	-1.993416	-3.488479
7.360000	-2.134000	0.000000	0.025914	0.051829	-0.079737	2.491770	-1.993416	-3.488479
7.370000	-2.135000	0.000000	0.025914	0.051829	-0.079737	2.491770	-1.495062	-3.488479
7.380000	-2.136100	0.000000	0.019436	0.051829	-0.079737	2.491770	-1.495062	-3.488479
7.390000	-2.137200	0.000000	0.025914	0.051829	-0.079737	1.993416	-1.495062	-2.990125
7.400000	-2.138100	0.000000	0.025914	0.051829	-0.079737	1.993416	-1.495062	-2.990125
7.410000	-2.138900	0.000000	0.025914	0.051829	-0.079737	1.993416	-1.495062	-2.990125
7.420000	-2.140100	0.000000	0.019436	0.051829	-0.059802	1.993416	-1.495062	-2.990125
7.430000	-2.141000	0.000000	0.019436	0.051829	-0.059802	1.993416	-1.495062	-2.990125
7.440000	-2.142000	0.000000	0.019436	0.051829	-0.059802	1.993416	-1.495062	-2.990125
7.450000	-2.143000	0.000000	0.019436	0.045350	-0.059802	1.993416	-1.495062	-2.990125
7.460000	-2.144100	0.000000	0.019436	0.045350	-0.059802	1.993416	-1.495062	-2.990125
7.470000	-2.145500	0.000000	0.019436	0.045350	-0.059802	1.993416	-1.495062	-2.990125
7.480000	-2.146400	0.000000	0.019436	0.045350	-0.059802	1.993416	-1.495062	-2.990125
7.490000	-2.147200	0.000000	0.019436	0.045350	-0.059802	1.993416	-1.495062	-2.990125
7.500000	-2.148100	0.000000	0.019436	0.045350	-0.059802	1.993416	-1.495062	-2.990125
7.510000	-2.149200	0.000000	0.019436	0.045350	-0.059802	1.993416	-1.495062	-2.990125
7.520000	-2.150300	0.000000	0.019436	0.045350	-0.059802	1.993416	-1.495062	-2.990125
7.530000	-2.151200	0.000000	0.019436	0.045350	-0.059802	1.993416	-1.495062	-2.491770
7.540000	-2.152400	0.000000	0.019436	0.045350	-0.059802	1.993416	-1.495062	-2.491770
7.550000	-2.153200	0.000000	0.019436	0.045350	-0.059802	1.993416	-1.495062	-2.491770
7.560000	-2.154100	0.000000	0.019436	0.038872	-0.059802	1.993416	-1.495062	-2.491770
7.570000	-2.155100	0.000000	0.019436	0.038872	-0.059802	1.993416	-1.495062	-2.491770
7.580000	-2.156100	0.000000	0.019436	0.038872	-0.059802	1.993416	-1.495062	-2.491770
7.590000	-2.157100	0.000000	0.019436	0.038872	-0.059802	1.993416	-1.495062	-2.491770
7.600000	-2.158200	0.000000	0.019436	0.038872	-0.059802	1.993416	-1.495062	-2.491770
7.610000	-2.159200	0.000000	0.019436	0.038872	-0.059802	1.993416	-1.495062	-2.491770
7.620000	-2.160200	0.000000	0.019436	0.038872	-0.059802	1.993416	-1.495062	-2.491770
7.630000	-2.161000	0.000000	0.019436	0.038872	-0.059802	1.993416	-1.495062	-2.491770
7.640000	-2.162100	0.000000	0.019436	0.038872	-0.059802	1.993416	-1.495062	-2.491770
7.650000	-2.163100	0.000000	0.019436	0.038872	-0.059802	1.993416	-1.495062	-2.491770
7.660000	-2.164200	0.000000	0.019436	0.038872	-0.059802	1.993416	-1.495062	-2.491770
7.670000	-2.165300	0.000000	0.019436	0.038872	-0.039868	1.495062	-1.495062	-2.491770
7.680000	-2.166200	0.000000	0.019436	0.038872	-0.039868	1.495062	-0.996708	-2.491770
7.690000	-2.167100	0.000000	0.019436	0.038872	-0.039868	1.495062	-0.996708	-1.993416
7.700000	-2.168100	0.000000	0.019436	0.038872	-0.039868	1.495062	-0.996708	-1.993416
7.710000	-2.169200	0.000000	0.019436	0.032393	-0.039868	1.495062	-0.996708	-1.993416
7.720000	-2.170200	0.000000	0.019436	0.032393	-0.039868	1.495062	-0.996708	-1.993416
7.730000	-2.171100	0.000000	0.019436	0.032393	-0.039868	1.495062	-0.996708	-1.993416
7.740000	-2.172100	0.000000	0.019436	0.032393	-0.039868	1.495062	-0.996708	-1.993416
7.750000	-2.173300	0.000000	0.012957	0.032393	-0.039868	1.495062	-0.996708	-1.993416
7.760000	-2.174200	0.000000	0.012957	0.032393	-0.039868	1.495062	-0.996708	-1.993416
7.770000	-2.175100	0.000000	0.019436	0.032393	-0.039868	1.495062	-0.996708	-1.993416
7.780000	-2.176100	0.000000	0.019436	0.032393	-0.039868	1.495062	-0.996708	-1.993416
7.790000	-2.177100	0.000000	0.012957	0.032393	-0.039868	1.495062	-0.996708	-1.993416
7.800000	-2.178100	0.000000	0.012957	0.032393	-0.039868	1.495062	-0.996708	-1.993416
7.810000	-2.179100	0.000000	0.012957	0.032393	-0.039868	1.495062	-0.996708	-1.993416
7.820000	-2.180200	0.000000	0.012957	0.025914	-0.039868	1.495062	-0.996708	-1.993416
7.830000	-2.181200	0.000000	0.012957	0.025914	-0.039868	1.495062	-0.996708	-1.993416
7.840000	-2.182100	0.000000	0.012957	0.032393	-0.039868	1.495062	-0.996708	-1.495062
7.850000	-2.183100	0.000000	0.012957	0.032393	-0.039868	1.495062	-0.996708	-1.495062
7.860000	-2.184100	0.000000	0.012957	0.025914	-0.039868	1.495062	-0.996708	-1.495062
7.870000	-2.185100	0.000000	0.012957	0.025914	-0.039868	1.495062	-0.996708	-1.495062
7.880000	-2.186200	0.000000	0.012957	0.025914	-0.039868	1.495062	-0.996708	-1.495062
7.890000	-2.187100	0.000000	0.012957	0.025914	-0.039868	1.495062	-0.996708	-1.495062
7.900000	-2.188200	0.000000	0.012957	0.025914	-0.039868	1.495062	-0.996708	-1.495062
7.910000	-2.189200	0.000000	0.012957	0.025914	-0.039868	1.495062	-0.996708	-1.495062
7.920000	-2.190100	0.000000	0.012957	0.025914	-0.039868	1.495062	-0.996708	-1.495062
7.930000	-2.191100	0.000000	0.012957	0.025914	-0.039868	1.495062	-0.996708	-1.495062
7.940000	-2.192200	0.000000	0.012957	0.025914	-0.039868	0.996708	-0.996708	-1.495062
7.950000	-2.193100	0.000000	0.012957	0.025914	-0.039868	1.495062	-0.996708	-1.495062
7.960000	-2.194100	0.000000	0.012957	0.025914	-0.039868	1.495062	-0.498354	-1.495062
7.970000	-2.195200	0.000000	0.012957	0.019436	-0.039868	0.996708	-0.498354	-1.495062
7.980000	-2.196200	0.000000	0.012957	0.019436	-0.019934	0.996708	-0.498354	-1.495062
7.990000	-2.197100	0.000000	0.012957	0.019436	-0.019934	0.996708	-0.498354	-0.996708
8.000000	-2.198100	0.000000	0.012957	0.019436	-0.019934	0.996708	-0.498354	-0.996708
8.010000	-2.199100	0.000000	0.012957	0.019436	-0.039868	0.996708	-0.498354	-0.996708
8.020000	-2.200200	0.000000	0.006479	0.019436	-0.019934	0.996708	-0.498354	-0.996708
8.030000	-2.201200	0.000000	0.006479	0.019436	-0.019934	0.996708	-0.498354	-0.996708
8.040000	-2.202000	0.000000	0.012957	0.019436	-0.019934	0.996708	-0.498354	-0.996708
8.050000	-2.203100	0.000000	0.012957	0.019436	-0.019934	0.996708	-0.498354	-0.996708
8.060000	-2.204100	0.000000	0.006479	0.019436	-0.019934	0.996708	-0.498354	-0.996708
8.070000	-2.205000	0.000000	0.006479	0.019436	-0.019934	0.996708	-0.498354	-0.996708
8.080000	-2.206200	0.000000	0.006479	0.019436	-0.019934	0.996708	-0.498354	-0.996708
8.090000	-2.207100	0.000000	0.006479	0.019436	-0.019934	0.996708	-0.498354	-0.996708
8.100000	-2.208100	0.000000	0.006479	0.019436	-0.019934	0.996708	-0.498354	-0.996708
8.110000	-2.209100	0.000000	0.006479	0.019436	-0.019934	0.996708	-0.498354	-0.996708
8.120000	-2.210200	0.000000	0.006479	0.012957	-0.019934	0.996708	-0.498354	-0.996708
8.130000	-2.211200	0.000000	0.006479	0.012957	-0.019934	0.996708	-0.498354	-0.996708
8.140000	-2.212100	0.000000	0.006479	0.012957	-0.019934	0.996708	-0.498354	-0.996708
8.150000	-2.213000	0.000000	0.006479	0.012957	-0.019934	0.996708	-0.498354	-0.996708
8.160000	-2.214100	0.000000	0.006479	0.012957	-0.019934	0.996708	-0.498354	-0.498354
8.170000	-2.215200	0.000000	0.006479	0.012957	-0.019934	0.996708	-0.498354	-0.498354
8.180000	-2.216100	0.000000	0.006479	0.012957	-0.019934	0.996708	-0.498354	-0.498354
8.190000	-2.217100	0.000000	0.006479	0.012957	-0.019934	0.996708	-0.498354	-0.498354
8.200000	-2.218200	0.000000	0.006479	0.012957	-0.019934	0.996708	-0.498354	-0.498354
8.210000	-2.219200	0.000000	0.006479	0.012957	-0.019934	0.996708	-0.498354	-0.498354
8.220000	-2.220200	0.000000	0.006479	0.012957	-0.019934	0.996708	-0.498354	-0.498354
8.230000	-2.221200	0.000000	0.006479	0.012957	-0.019934	0.996708	-0.498354	-0.498354
8.240000	-2.222100	0.000000	0.006479	0.006479	-0.019934	0.996708	-0.498354	-0.498354
8.250000	-2.223100	0.000000	0.006479	0.006479	-0.019934	0.996708	-0.498354	-0.498354
8.260000	-2.224200	0.000000	0.006479	0.006479	-0.019934	0.996708	0.000000	-0.498354
8.270000	-2.225200	0.000000	0.006479	0.006479	-0.019934	0.498354	0.000000	-0.498354
8.280000	-2.226200	0.000000	0.006479	0.006479	-0.019934	0.498354	0.000000	-0.498354
8.290000	-2.227100	0.000000	0.006479	0.006479	-0.019934	0.498354	0.000000	-0.498354
8.300000	-2.228100	0.000000	0.006479	0.006479	-0.019934	0.498354	0.000000	-0.498354
8.310000	-2.229100	0.000000	0.006479	0.006479	-0.019934	0.498354	0.000000	-0.498354
8.320000	-2.230100	0.000000	0.006479	0.006479	-0.019934	0.498354	0.000000	0.000000
8.330000	-2.231200	0.000000	0.006479	0.006479	-0.019934	0.498354	0.000000	0.000000
8.340000	-2.232200	0.000000	0.006479	0.006479	-0.019934	0.498354	0.000000	0.000000
8.350000	-2.233100	0.000000	0.006479	0.006479	-0.019934	0.498354	0.000000	0.000000
8.360000	-2.234100	0.000000	0.006479	0.006479	-0.019934	0.498354	0.000000	0.000000
8.370000	-2.235100	0.000000	0.006479	0.006479	-0.019934	0.498354	0.000000	0.000000
8.380000	-2.236100	0.000000	0.006479	0.006479	-0.019934	0.498354	0.000000	0.000000
8.390000	-2.237000	0.000000	0.006479	0.000000	-0.019934	0.498354	0.000000	0.000000
8.400000	-2.238100	0.000000	0.006479	0.000000	-0.019934	0.498354	0.000000	0.000000
8.410000	-2.239200	0.000000	0.006479	0.000000	-0.019934	0.498354	0.000000	0.000000
8.420000	-2.240100	0.000000	0.000000	0.000000	-0.019934	0.498354	0.000000	0.000000
8.430000	-2.241100	0.000000	0.000000	0.000000	0.000000	0.498354	0.000000	0.000000
8.440000	-2.242100	0.000000	0.000000	0.000000	0.000000	0.498354	0.000000	0.000000
8.450000	-2.243100	0.000000	0.000000	0.000000	-0.019934	0.498354	0.000000	0.000000
8.460000	-2.244200	0.000000	0.006479	0.000000	-0.019934	0.498354	0.000000	0.000000
8.470000	-2.245100	0.000000	0.000000	0.000000	-0.019934	0.498354	0.000000	0.000000
8.480000	-2.246000	0.000000	0.000000	0.000000	0.000000	0.498354	0.000000	0.498354
8.490000	-2.247100	0.000000	0.000000	0.000000	0.000000	0.498354	0.000000	0.498354
8.500000	-2.248100	0.000000	0.000000	0.000000	0.000000	0.498354	0.000000	0.498354
8.510000	-2.249100	0.000000	0.000000	0.000000	0.000000	0.498354	0.000000	0.498354
8.520000	-2.250200	0.000000	0.000000	0.000000	0.000000	0.498354	0.000000	0.498354
8.530000	-2.251200	0.000000	0.000000	0.000000	0.000000	0.498354	0.000000	0.498354
8.540000	-2.252100	0.000000	0.000000	-0.006479	0.000000	0.498354	0.000000	0.498354
8.550000	-2.253100	0.000000	0.000000	-0.006479	0.000000	0.498354	0.000000	0.498354
8.560000	-2.254200	0.000000	0.000000	-0.006479	0.000000	0.498354	0.000000	0.498354
8.570000	-2.255100	0.000000	0.000000	-0.006479	0.000000	0.498354	0.000000	0.498354
8.580000	-2.256100	0.000000	0.000000	-0.006479	0.000000	0.498354	0.498354	0.498354
8.590000	-2.257100	0.000000	0.000000	-0.006479	0.000000	0.498354	0.498354	0.498354
8.600000	-2.258000	0.000000	0.000000	-0.006479	0.000000	0.000000	0.498354	0.498354
8.610000	-2.259100	0.000000	0.000000	-0.006479	0.000000	0.000000	0.498354	0.498354
8.620000	-2.260200	0.000000	0.000000	-0.006479	0.000000	0.000000	0.498354	0.498354
8.630000	-2.261200	0.000000	0.000000	-0.006479	0.000000	0.000000	0.498354	0.498354
8.640000	-2.262100	0.000000	0.000000	-0.006479	0.000000	0.000000	0.498354	0.498354
8.650000	-2.263100	0.000000	0.000000	-0.006479	0.000000	0.000000	0.498354	0.996708
8.660000	-2.264100	0.000000	0.000000	-0.012957	0.000000	0.000000	0.498354	0.996708
8.670000	-2.265100	0.000000	0.000000	-0.012957	0.000000	0.000000	0.498354	0.996708
8.680000	-2.266100	0.000000	0.000000	-0.006479	0.000000	0.000000	0.498354	0.996708
8.690000	-2.267100	0.000000	0.000000	-0.006479	0.000000	0.000000	0.498354	0.996708
8.700000	-2.268100	0.000000	0.000000	-0.012957	0.000000	0.000000	0.498354	0.996708
8.710000	-2.269000	0.000000	0.000000	-0.012957	0.000000	0.000000	0.498354	0.996708
8.720000	-2.270000	0.000000	0.000000	-0.012957	0.000000	0.000000	0.498354	0.996708
8.730000	-2.271200	0.000000	0.000000	-0.012957	0.000000	0.000000	0.498354	0.996708
8.740000	-2.272100	0.000000	-0.006479	-0.012957	0.000000	0.000000	0.498354	0.996708
8.750000	-2.273000	0.000000	-0.006479	-0.012957	0.000000	0.000000	0.498354	0.996708
8.760000	-2.273900	0.000000	-0.006479	-0.012957	0.000000	0.000000	0.498354	0.996708
8.770000	-2.275000	0.000000	-0.006479	-0.012957	0.000000	0.000000	0.498354	0.996708
8.780000	-2.276200	0.000000	0.000000	-0.012957	0.000000	0.000000	0.498354	0.996708
8.790000	-2.277000	0.000000	-0.006479	-0.012957	0.000000	0.000000	0.498354	0.996708
8.800000	-2.278000	0.000000	-0.006479	-0.012957	0.000000	0.000000	0.498354	0.996708
8.810000	-2.279100	0.000000	-0.006479	-0.019436	0.000000	0.000000	0.498354	0.996708
8.820000	-2.279700	0.000000	-0.006479	-0.019436	0.000000	0.000000	0.498354	1.495062
8.830000	-2.281300	0.000000	-0.006479	-0.019436	0.000000	0.000000	0.498354	1.495062
8.840000	-2.282400	0.000000	-0.006479	-0.019436	0.000000	0.000000	0.498354	1.495062
8.850000	-2.283100	0.000000	-0.006479	-0.019436	0.000000	0.000000	0.498354	1.495062
8.860000	-2.284300	0.000000	-0.006479	-0.019436	0.000000	0.000000	0.498354	1.495062
8.870000	-2.285100	0.000000	-0.006479	-0.019436	0.000000	0.000000	0.498354	1.495062
8.880000	-2.285700	0.000000	-0.006479	-0.019436	0.000000	0.000000	0.996708	1.495062
8.890000	-2.287100	0.000000	-0.006479	-0.019436	0.000000	0.000000	0.996708	1.495062
8.900000	-2.288600	0.000000	-0.006479	-0.019436	0.000000	0.000000	0.996708	1.495062
8.910000	-2.289100	0.000000	-0.006479	-0.019436	0.000000	0.000000	0.996708	1.495062
8.920000	-2.290100	0.000000	-0.006479	-0.019436	0.000000	-0.498354	0.996708	1.495062
8.930000	-2.291100	0.000000	-0.006479	-0.019436	0.000000	-0.498354	0.996708	1.495062
8.940000	-2.292000	0.000000	-0.006479	-0.019436	0.000000	-0.498354	0.996708	1.495062
8.950000	-2.293100	0.000000	-0.006479	-0.019436	0.000000	-0.498354	0.996708	1.495062
8.960000	-2.294100	0.000000	-0.006479	-0.019436	0.000000	-0.498354	0.996708	1.495062
8.970000	-2.295000	0.000000	-0.006479	-0.025914	0.000000	-0.498354	0.996708	1.495062
8.980000	-2.296100	0.000000	-0.006479	-0.025914	0.000000	-0.498354	0.996708	1.495062
8.990000	-2.297300	0.000000	-0.006479	-0.025914	0.000000	-0.498354	0.996708	1.495062
9.000000	-2.298300	0.000000	-0.006479	-0.025914	0.000000	-0.498354	0.996708	1.993416
9.010000	-2.299500	0.000000	-0.006479	-0.025914	0.000000	-0.498354	0.996708	1.993416
9.020000	-2.300200	0.000000	-0.006479	-0.025914	0.000000	-0.498354	0.996708	1.993416
9.030000	-2.301100	0.000000	-0.006479	-0.025914	0.000000	-0.498354	0.996708	1.993416
9.040000	-2.302000	0.000000	-0.006479	-0.025914	0.000000	-0.498354	0.996708	1.993416
9.050000	-2.303100	0.000000	-0.012957	-0.025914	0.000000	-0.498354	0.996708	1.993416
9.060000	-2.304300	0.000000	-0.012957	-0.025914	0.000000	-0.498354	0.996708	1.993416
9.070000	-2.305200	0.000000	-0.006479	-0.025914	0.000000	-0.498354	0.996708	1.993416
9.080000	-2.306100	0.000000	-0.006479	-0.025914	0.000000	-0.498354	0.996708	1.993416
9.090000	-2.307200	0.000000	-0.012957	-0.032393	0.000000	-0.498354	0.996708	1.993416
9.100000	-2.308300	0.000000	-0.012957	-0.032393	0.000000	-0.498354	0.996708	1.993416
9.110000	-2.309200	0.000000	-0.012957	-0.025914	0.000000	-0.498354	0.996708	1.993416
9.120000	-2.310100	0.000000	-0.012957	-0.032393	0.000000	-0.498354	0.996708	1.993416
9.130000	-2.311100	0.000000	-0.012957	-0.032393	0.000000	-0.498354	0.996708	1.993416
9.140000	-2.312200	0.000000	-0.012957	-0.032393	0.000000	-0.498354	0.996708	1.993416
9.150000	-2.313300	0.000000	-0.012957	-0.032393	0.000000	-0.498354	0.996708	1.993416
9.160000	-2.314100	0.000000	-0.012957	-0.032393	0.000000	-0.498354	1.495062	1.993416
9.170000	-2.315200	0.000000	-0.012957	-0.032393	0.000000	-0.498354	1.495062	1.993416
9.180000	-2.316100	0.000000	-0.012957	-0.032393	0.000000	-0.498354	1.495062	2.491770
9.190000	-2.317100	0.000000	-0.012957	-0.032393	0.000000	-0.498354	1.495062	2.491770
9.200000	-2.318100	0.000000	-0.012957	-0.032393	0.000000	-0.498354	1.495062	2.491770
9.210000	-2.319100	0.000000	-0.012957	-0.032393	0.000000	-0.498354	1.495062	2.491770
9.220000	-2.320100	0.000000	-0.012957	-0.032393	0.000000	-0.498354	1.495062	2.491770
9.230000	-2.321100	0.000000	-0.012957	-0.032393	0.000000	-0.498354	1.495062	2.491770
9.240000	-2.322000	0.000000	-0.012957	-0.038872	0.000000	-0.498354	1.495062	2.491770
9.250000	-2.323200	0.000000	-0.012957	-0.038872	0.000000	-0.498354	1.495062	2.491770
9.260000	-2.324100	0.000000	-0.012957	-0.032393	0.000000	-0.498354	1.495062	2.491770
9.270000	-2.325100	0.000000	-0.012957	-0.032393	0.000000	-0.498354	1.495062	2.491770
9.280000	-2.326200	0.000000	-0.012957	-0.032393	0.019934	-0.996708	1.495062	2.491770
9.290000	-2.327200	0.000000	-0.012957	-0.038872	0.019934	-0.996708	1.495062	2.491770
9.300000	-2.328200	0.000000	-0.012957	-0.038872	0.019934	-0.996708	1.495062	2.491770
9.310000	-2.329200	0.000000	-0.012957	-0.038872	0.000000	-0.996708	1.495062	2.491770
9.320000	-2.330200	0.000000	-0.012957	-0.038872	0.019934	-0.996708	1.495062	2.491770
9.330000	-2.331200	0.000000	-0.012957	-0.038872	0.019934	-0.996708	1.495062	2.491770
9.340000	-2.332100	0.000000	-0.012957	-0.038872	0.019934	-0.996708	1.495062	2.491770
9.350000	-2.333200	0.000000	-0.012957	-0.038872	0.019934	-0.996708	1.495062	2.491770
9.360000	-2.334100	0.000000	-0.012957	-0.038872	0.019934	-0.996708	1.495062	2.990125
9.370000	-2.335000	0.000000	-0.012957	-0.038872	0.019934	-0.996708	1.495062	2.990125
9.380000	-2.336200	0.000000	-0.012957	-0.038872	0.019934	-0.996708	1.495062	2.990125
9.390000	-2.337100	0.000000	-0.012957	-0.038872	0.019934	-0.996708	1.495062	2.990125
9.400000	-2.338200	0.000000	-0.012957	-0.038872	0.019934	-0.996708	1.495062	2.990125
9.410000	-2.339200	0.000000	-0.012957	-0.038872	0.019934	-0.996708	1.495062	2.990125
9.420000	-2.340100	0.000000	-0.019436	-0.038872	0.019934	-0.996708	1.495062	2.990125
9.430000	-2.341200	0.000000	-0.019436	-0.038872	0.019934	-0.996708	1.495062	2.990125
9.440000	-2.342100	0.000000	-0.019436	-0.045350	0.019934	-0.996708	1.495062	2.990125
9.450000	-2.343100	0.000000	-0.019436	-0.045350	0.019934	-0.996708	1.993416	2.990125
9.460000	-2.344100	0.000000	-0.019436	-0.045350	0.019934	-0.996708	1.993416	2.990125
9.470000	-2.345200	0.000000	-0.019436	-0.038872	0.019934	-0.996708	1.993416	2.990125
9.480000	-2.346100	0.000000	-0.019436	-0.045350	0.019934	-0.996708	1.993416	2.990125
9.490000	-2.347200	0.000000	-0.019436	-0.045350	0.019934	-0.996708	1.993416	2.990125
9.500000	-2.348000	0.000000	-0.019436	-0.045350	0.019934	-0.996708	1.993416	2.990125
9.510000	-2.349100	0.000000	-0.019436	-0.045350	0.019934	-0.996708	1.993416	2.990125
9.520000	-2.350200	0.000000	-0.019436	-0.045350	0.019934	-0.996708	1.993416	2.990125
9.530000	-2.351000	0.000000	-0.019436	-0.045350	0.019934	-0.996708	1.993416	2.990125
9.540000	-2.352100	0.000000	-0.019436	-0.045350	0.019934	-0.996708	1.993416	3.488479
9.550000	-2.353100	0.000000	-0.019436	-0.045350	0.019934	-0.996708	1.993416	3.488479
9.560000	-2.354100	0.000000	-0.019436	-0.045350	0.019934	-0.996708	1.993416	3.488479
9.570000	-2.355100	0.000000	-0.019436	-0.045350	0.019934	-0.996708	1.993416	3.488479
9.580000	-2.356200	0.000000	-0.019436	-0.045350	0.019934	-0.996708	1.993416	3.488479
9.590000	-2.357200	0.000000	-0.019436	-0.051829	0.019934	-0.996708	1.993416	3.488479
9.600000	-2.358100	0.000000	-0.019436	-0.051829	0.019934	-1.495062	1.993416	3.488479
9.610000	-2.359100	0.000000	-0.019436	-0.051829	0.019934	-0.996708	1.993416	3.488479
9.620000	-2.360200	0.000000	-0.019436	-0.045350	0.019934	-0.996708	1.993416	3.488479
9.630000	-2.361000	0.000000	-0.019436	-0.051829	0.019934	-0.996708	1.993416	3.488479
9.640000	-2.362000	0.000000	-0.019436	-0.051829	0.019934	-1.495062	1.993416	3.488479
9.650000	-2.363200	0.000000	-0.019436	-0.051829	0.019934	-1.495062	1.993416	3.488479
9.660000	-2.364100	0.000000	-0.019436	-0.051829	0.019934	-1.495062	1.993416	3.488479
9.670000	-2.365100	0.000000	-0.019436	-0.051829	0.019934	-1.495062	1.993416	3.488479
9.680000	-2.366100	0.000000	-0.019436	-0.051829	0.019934	-1.495062	1.993416	3.488479
9.690000	-2.367100	0.000000	-0.019436	-0.051829	0.019934	-1.495062	1.993416	3.488479
9.700000	-2.368200	0.000000	-0.025914	-0.051829	0.019934	-1.495062	1.993416	3.488479
9.710000	-2.369200	0.000000	-0.025914	-0.051829	0.019934	-1.495062	1.993416	3.488479
9.720000	-2.370200	0.000000	-0.025914	-0.051829	0.019934	-1.495062	1.993416	3.488479
9.730000	-2.371200	0.000000	-0.025914	-0.051829	0.019934	-1.495062	1.993416	3.986833
9.740000	-2.372200	0.000000	-0.025914	-0.051829	0.019934	-1.495062	1.993416	3.986833
9.750000	-2.373100	0.000000	-0.025914	-0.058307	0.019934	-1.495062	1.993416	3.986833
9.760000	-2.374100	0.000000	-0.025914	-0.058307	0.019934	-1.495062	2.491770	3.986833
9.770000	-2.375200	0.000000	-0.025914	-0.051829	0.019934	-1.495062	2.491770	3.986833
9.780000	-2.376100	0.000000	-0.025914	-0.058307	0.019934	-1.495062	2.491770	3.986833
9.790000	-2.377100	0.000000	-0.025914	-0.058307	0.019934	-1.495062	2.491770	3.986833
9.800000	-2.378100	0.000000	-0.025914	-0.058307	0.019934	-1.495062	2.491770	3.986833
9.810000	-2.379100	0.000000	-0.025914	-0.058307	0.019934	-1.495062	2.491770	3.986833
9.820000	-2.380100	0.000000	-0.025914	-0.058307	0.019934	-1.495062	2.491770	3.986833
9.830000	-2.381200	0.000000	-0.025914	-0.058307	0.019934	-1.495062	2.491770	3.986833
9.840000	-2.382200	0.000000	-0.025914	-0.058307	0.019934	-1.495062	2.491770	3.986833
9.850000	-2.383000	0.000000	-0.025914	-0.058307	0.019934	-1.495062	2.491770	3.986833
9.860000	-2.384100	0.000000	-0.025914	-0.058307	0.019934	-1.495062	2.491770	3.986833
9.870000	-2.385100	0.000000	-0.025914	-0.058307	0.019934	-1.495062	2.491770	3.986833
9.880000	-2.386000	0.000000	-0.025914	-0.058307	0.019934	-1.495062	2.491770	3.986833
9.890000	-2.387200	0.000000	-0.025914	-0.058307	0.019934	-1.495062	2.491770	3.986833
9.900000	-2.388100	0.000000	-0.025914	-0.058307	0.019934	-1.495062	2.491770	3.986833
9.910000	-2.389300	0.000000	-0.025914	-0.058307	0.019934	-1.495062	2.491770	4.485187
9.920000	-2.390300	0.000000	-0.025914	-0.064786	0.019934	-1.495062	2.491770	4.485187
9.930000	-2.391100	0.000000	-0.025914	-0.058307	0.019934	-1.495062	2.491770	4.485187
9.940000	-2.392100	0.000000	-0.025914	-0.058307	0.019934	-1.495062	2.491770	4.485187
9.950000	-2.393000	0.000000	-0.025914	-0.064786	0.019934	-1.495062	2.491770	4.485187
9.960000	-2.394100	0.000000	-0.025914	-0.064786	0.019934	-1.495062	2.491770	4.485187
9.970000	-2.395100	0.000000	-0.025914	-0.064786	0.019934	-1.495062	2.491770	4.485187
9.980000	-2.396200	0.000000	-0.025914	-0.064786	0.019934	-1.495062	2.491770	4.485187
9.990000	-2.397400	0.000000	-0.025914	-0.064786	0.019934	-1.495062	2.491770	4.485187
10.000000	-2.398200	0.000000	-0.032393	-0.064786	0.019934	-1.495062	2.491770	4.485187
10.010000	-2.399100	0.000000	-0.025914	-0.064786	0.019934	-1.993416	2.491770	4.485187
10.020000	-2.399800	0.000000	-0.025914	-0.064786	0.019934	-1.993416	2.491770	4.485187
10.030000	-2.400500	0.000000	-0.025914	-0.064786	0.019934	-1.993416	2.491770	4.485187
10.040000	-2.400800	0.000000	-0.032393	-0.064786	0.019934	-1.993416	2.491770	4.485187
10.050000	-2.401000	0.000000	-0.032393	-0.064786	0.019934	-1.993416	2.491770	4.485187
10.060000	-2.401100	0.000000	-0.032393	-0.064786	0.019934	-1.993416	2.491770	4.485187
10.070000	-2.401200	0.000000	-0.025914	-0.064786	0.019934	-1.993416	2.491770	4.485187
10.080000	-2.401200	0.000000	-0.025914	-0.064786	0.019934	-1.993416	2.491770	4.485187
10.090000	-2.401200	0.000000	-0.032393	-0.064786	0.019934	-1.993416	2.491770	4.485187
10.100000	-2.401200	0.000000	-0.032393	-0.064786	0.019934	-1.993416	2.491770	4.485187
10.110000	-2.401200	0.000000	-0.025914	-0.064786	0.019934	-1.993416	2.491770	4.485187
10.120000	-2.401200	0.000000	-0.025914	-0.064786	0.019934	-1.993416	2.491770	4.485187
10.130000	-2.401200	0.000000	-0.025914	-0.064786	0.019934	-1.993416	2.491770	4.485187
10.140000	-2.401200	0.000000	-0.032393	-0.064786	0.019934	-1.993416	2.491770	4.485187
10.150000	-2.401200	0.000000	-0.032393	-0.064786	0.019934	-1.495062	2.491770	4.485187
10.160000	-2.401200	0.000000	-0.025914	-0.064786	0.019934	-1.495062	2.491770	4.485187
10.170000	-2.401200	0.000000	-0.025914	-0.064786	0.019934	-1.993416	2.491770	4.485187
10.180000	-2.401200	0.000000	-0.025914	-0.064786	0.019934	-1.993416	2.491770	4.485187
10.190000	-2.401200	0.000000	-0.025914	-0.064786	0.019934	-1.993416	2.491770	4.485187
10.200000	-2.401200	0.000000	-0.025914	-0.064786	0.019934	-1.495062	2.491770	4.485187
10.210000	-2.401200	0.000000	-0.032393	-0.064786	0.019934	-1.495062	2.491770	4.485187
10.220000	-2.401200	0.000000	-0.032393	-0.064786	0.019934	-1.993416	2.491770	4.485187
10.230000	-2.401200	0.000000	-0.025914	-0.064786	0.019934	-1.993416	2.491770	4.485187
10.240000	-2.401200	0.000000	-0.025914	-0.064786	0.019934	-1.993416	2.491770	4.485187
10.250000	-2.401200	0.000000	-0.025914	-0.064786	0.019934	-1.495062	2.491770	4.485187
10.260000	-2.401200	0.000000	-0.032393	-0.064786	0.019934	-1.495062	2.491770	4.485187
10.270000	-2.401200	0.000000	-0.032393	-0.064786	0.019934	-1.993416	2.491770	4.485187
10.280000	-2.401200	0.000000	-0.025914	-0.064786	0.019934	-1.993416	2.491770	4.485187
10.290000	-2.401200	0.000000	-0.025914	-0.064786	0.019934	-1.993416	2.491770	4.485187
10.300000	-2.401200	0.000000	-0.025914	-0.064786	0.019934	-1.495062	2.491770	4.485187
10.310000	-2.401200	0.000000	-0.025914	-0.064786	0.019934	-1.495062	2.491770	4.485187
10.320000	-2.401200	0.000000	-0.032393	-0.064786	0.019934	-1.495062	2.491770	4.485187
10.330000	-2.401200	0.000000	-0.032393	-0.064786	0.019934	-1.993416	2.491770	4.485187
10.340000	-2.401200	0.000000	-0.025914	-0.064786	0.019934	-1.993416	2.491770	4.485187
10.350000	-2.401200	0.000000	-0.025914	-0.064786	0.019934	-1.993416	2.491770	4.485187
10.360000	-2.401200	0.000000	-0.025914	-0.064786	0.019934	-1.993416	2.491770	4.485187
10.370000	-2.401200	0.000000	-0.025914	-0.064786	0.019934	-1.495062	2.491770	4.485187
10.380000	-2.401200	0.000000	-0.025914	-0.064786	0.019934	-1.993416	2.491770	4.485187
10.390000	-2.401200	0.000000	-0.025914	-0.064786	0.019934	-1.993416	2.491770	4.485187
10.400000	-2.401200	0.000000	-0.025914	-0.064786	0.019934	-1.495062	2.491770	4.485187
10.410000	-2.401200	0.000000	-0.025914	-0.064786	0.019934	-1.495062	2.491770	4.485187
10.420000	-2.401100	0.000000	-0.025914	-0.064786	0.019934	-1.495062	2.491770	4.485187
10.430000	-2.401100	0.000000	-0.025914	-0.064786	0.019934	-1.495062	2.491770	4.485187
10.440000	-2.401100	0.000000	-0.025914	-0.064786	0.019934	-1.495062	2.491770	4.485187
10.450000	-2.401000	0.000000	-0.025914	-0.064786	0.019934	-1.495062	2.491770	4.485187
10.460000	-2.401000	0.000000	-0.025914	-0.064786	0.019934	-1.495062	2.491770	4.485187
10.470000	-2.401000	0.000000	-0.025914	-0.064786	0.019934	-1.495062	2.491770	4.485187
10.480000	-2.400900	0.000000	-0.025914	-0.064786	0.019934	-1.495062	2.491770	4.485187
10.490000	-2.400900	0.000000	-0.025914	-0.064786	0.019934	-1.495062	2.491770	4.485187
10.500000	-2.400900	0.000000	-0.025914	-0.064786	0.019934	-1.495062	2.491770	4.485187
10.510000	-2.400900	0.000000	-0.025914	-0.064786	0.019934	-1.495062	2.491770	4.485187
10.520000	-2.400800	0.000000	-0.025914	-0.064786	0.019934	-1.495062	2.491770	4.485187
10.530000	-2.400800	0.000000	-0.025914	-0.064786	0.019934	-1.495062	2.491770	4.485187
10.540000	-2.400800	0.000000	-0.025914	-0.064786	0.019934	-1.495062	2.491770	4.485187
10.550000	-2.400800	0.000000	-0.025914	-0.064786	0.019934	-1.495062	2.491770	4.485187
10.560000	-2.400800	0.000000	-0.025914	-0.064786	0.019934	-1.495062	2.491770	4.485187
10.570000	-2.400800	0.000000	-0.025914	-0.064786	0.019934	-1.495062	2.491770	4.485187
10.580000	-2.400800	0.000000	-0.025914	-0.064786	0.019934	-1.495062	2.491770	4.485187
10.590000	-2.400800	0.000000	-0.025914	-0.064786	0.019934	-1.495062	2.491770	4.485187
10.600000	-2.400800	0.000000	-0.025914	-0.064786	0.019934	-1.495062	2.491770	4.485187
10.610000	-2.400800	0.000000	-0.025914	-0.064786	0.019934	-1.495062	2.491770	4.485187
10.620000	-2.400800	0.000000	-0.025914	-0.064786	0.019934	-1.495062	2.491770	4.485187
10.630000	-2.400800	0.000000	-0.025914	-0.064786	0.019934	-1.495062	2.491770	4.485187
10.640000	-2.400800	0.000000	-0.025914	-0.064786	0.019934	-1.495062	2.491770	4.485187
10.650000	-2.400800	0.000000	-0.025914	-0.064786	0.019934	-1.495062	2.491770	4.485187
10.660000	-2.400800	0.000000	-0.025914	-0.064786	0.019934	-1.495062	2.491770	4.485187
10.670000	-2.400800	0.000000	-0.025914	-0.058307	0.019934	-1.495062	2.491770	4.485187
10.680000	-2.400800	0.000000	-0.025914	-0.058307	0.019934	-1.495062	2.491770	4.485187
10.690000	-2.400800	0.000000	-0.025914	-0.064786	0.019934	-1.495062	2.491770	4.485187
10.700000	-2.400800	0.000000	-0.025914	-0.064786	0.019934	-1.495062	2.491770	4.485187
10.710000	-2.400800	0.000000	-0.025914	-0.064786	0.019934	-1.495062	2.491770	4.485187
10.720000	-2.400800	0.000000	-0.025914	-0.058307	0.019934	-1.495062	2.491770	4.485187
10.730000	-2.400800	0.000000	-0.025914	-0.058307	0.019934	-1.495062	2.491770	4.485187
10.740000	-2.400800	0.000000	-0.025914	-0.064786	0.019934	-1.495062	2.491770	4.485187
10.750000	-2.400800	0.000000	-0.025914	-0.064786	0.019934	-1.495062	2.491770	4.485187
10.760000	-2.400800	0.000000	-0.025914	-0.064786	0.019934	-1.495062	2.491770	4.485187
10.770000	-2.400800	0.000000	-0.025914	-0.058307	0.019934	-1.495062	2.491770	4.485187
10.780000	-2.400800	0.000000	-0.025914	-0.058307	0.019934	-1.495062	2.491770	4.485187
10.790000	-2.400800	0.000000	-0.032393	-0.058307	0.019934	-1.495062	2.491770	4.485187
<END DATA>
