<Mach-1 File>
<INFO>
Date:	Mon, Nov 13, 2023
Time:	14:40:59.400
Mach-1 Motion Software Version:	4.4.0.17
Mach-1 System S/N:	MA0561140
Mach-1 System Model:	V500ct
Load Cell Name:	FT31009
Load Cell Type:	Multiple-axis
Load Cell Calibration Factor:	0.996708
Load Cell Offset:	-86.095833
Load Cell Calibration Date:	2023-11-13
<END INFO>
<Find Contact>
Stage Axis:	Position (z)
Load Cell Axis:	Fz
Direction:	Positive
Contact Criteria, N:	0.200000
Stage Velocity, mm/s:	0.1000
Stage Limit, mm:	3.0000
Stage Repositioning:	2X Load Resolution
Offset, mm:	0.0000
<DATA>
Time, s	Position (z), mm	Position (theta), deg	Fx, N	Fy, N	Fz, N	Tx, N-mm	Ty, N-mm	Tz, N-mm
0.000000	-2.520400	0.000000	-0.012957	-0.051829	0.019934	-1.495062	1.495062	2.491770
0.010000	-2.520400	0.000000	-0.012957	-0.051829	0.019934	-1.495062	1.495062	2.491770
0.020000	-2.520400	0.000000	-0.012957	-0.051829	0.019934	-1.495062	1.495062	2.491770
0.030000	-2.520400	0.000000	-0.012957	-0.051829	0.019934	-1.495062	1.495062	2.491770
0.040000	-2.520400	0.000000	-0.012957	-0.051829	0.019934	-1.495062	1.495062	2.491770
0.050000	-2.520400	0.000000	-0.012957	-0.051829	0.019934	-1.495062	1.495062	2.491770
0.060000	-2.520400	0.000000	-0.012957	-0.051829	0.019934	-1.495062	1.495062	2.491770
0.070000	-2.520400	0.000000	-0.012957	-0.051829	0.019934	-1.495062	1.495062	2.491770
0.080000	-2.520400	0.000000	-0.012957	-0.051829	0.019934	-1.495062	1.495062	2.491770
0.090000	-2.520400	0.000000	-0.012957	-0.051829	0.019934	-1.495062	1.495062	2.491770
0.100000	-2.520400	0.000000	-0.012957	-0.051829	0.019934	-1.495062	1.495062	2.491770
0.110000	-2.520400	0.000000	-0.012957	-0.051829	0.019934	-1.495062	1.495062	2.491770
0.120000	-2.520400	0.000000	-0.012957	-0.051829	0.019934	-1.495062	1.495062	2.491770
0.130000	-2.520400	0.000000	-0.012957	-0.051829	0.019934	-1.495062	1.495062	2.491770
0.140000	-2.520400	0.000000	-0.012957	-0.051829	0.019934	-1.495062	1.495062	2.491770
0.150000	-2.520400	0.000000	-0.012957	-0.051829	0.019934	-1.495062	1.495062	2.491770
0.160000	-2.520400	0.000000	-0.012957	-0.051829	0.019934	-1.495062	1.495062	2.491770
0.170000	-2.520400	0.000000	-0.012957	-0.051829	0.000000	-1.495062	1.495062	2.491770
0.180000	-2.520400	0.000000	-0.012957	-0.051829	0.000000	-1.495062	1.495062	2.491770
0.190000	-2.520400	0.000000	-0.012957	-0.051829	0.019934	-1.495062	1.495062	2.491770
0.200000	-2.520400	0.000000	-0.012957	-0.051829	0.019934	-1.495062	1.495062	2.491770
0.210000	-2.520400	0.000000	-0.012957	-0.051829	0.019934	-1.495062	1.495062	2.491770
0.220000	-2.520400	0.000000	-0.012957	-0.051829	0.019934	-1.495062	1.495062	2.491770
0.230000	-2.520400	0.000000	-0.012957	-0.051829	0.019934	-1.495062	1.495062	2.491770
0.240000	-2.520400	0.000000	-0.012957	-0.051829	0.019934	-1.495062	1.495062	2.491770
0.250000	-2.520400	0.000000	-0.012957	-0.051829	0.019934	-1.495062	1.495062	2.491770
0.260000	-2.520400	0.000000	-0.012957	-0.051829	0.019934	-1.495062	1.495062	2.491770
0.270000	-2.520400	0.000000	-0.012957	-0.051829	0.019934	-1.495062	1.495062	2.491770
0.280000	-2.520400	0.000000	-0.012957	-0.051829	0.019934	-1.495062	1.495062	2.491770
0.290000	-2.520400	0.000000	-0.012957	-0.051829	0.019934	-1.495062	1.495062	2.491770
0.300000	-2.520400	0.000000	-0.012957	-0.051829	0.019934	-1.495062	1.495062	2.491770
0.310000	-2.520300	0.000000	-0.012957	-0.051829	0.019934	-1.495062	1.495062	2.491770
0.320000	-2.519600	0.000000	-0.012957	-0.051829	0.019934	-1.495062	1.495062	2.491770
0.330000	-2.519000	0.000000	-0.012957	-0.051829	0.019934	-1.495062	1.495062	2.491770
0.340000	-2.518700	0.000000	-0.012957	-0.051829	0.019934	-1.495062	1.495062	2.491770
0.350000	-2.518400	0.000000	-0.012957	-0.051829	0.019934	-1.495062	1.495062	2.491770
0.360000	-2.518100	0.000000	-0.012957	-0.051829	0.019934	-1.495062	1.495062	2.491770
0.370000	-2.517900	0.000000	-0.012957	-0.051829	0.019934	-1.495062	1.495062	2.491770
0.380000	-2.517600	0.000000	-0.012957	-0.045350	0.000000	-1.495062	1.495062	2.491770
0.390000	-2.517300	0.000000	-0.012957	-0.045350	0.000000	-1.495062	1.495062	2.491770
0.400000	-2.517100	0.000000	-0.012957	-0.051829	0.000000	-1.495062	1.495062	2.491770
0.410000	-2.516800	0.000000	-0.012957	-0.051829	0.000000	-1.495062	1.495062	2.491770
0.420000	-2.516600	0.000000	-0.006479	-0.045350	0.000000	-1.495062	1.495062	2.491770
0.430000	-2.516300	0.000000	-0.006479	-0.045350	0.000000	-1.495062	1.495062	2.491770
0.440000	-2.516000	0.000000	-0.012957	-0.045350	0.000000	-1.495062	1.495062	2.491770
0.450000	-2.515700	0.000000	-0.012957	-0.051829	0.000000	-1.495062	1.495062	2.491770
0.460000	-2.515300	0.000000	-0.006479	-0.051829	0.000000	-1.495062	1.495062	2.491770
0.470000	-2.515000	0.000000	-0.006479	-0.051829	0.000000	-1.495062	1.495062	2.491770
0.480000	-2.514700	0.000000	-0.012957	-0.045350	0.000000	-1.495062	1.495062	2.491770
0.490000	-2.514400	0.000000	-0.012957	-0.045350	0.000000	-1.495062	1.495062	2.491770
0.500000	-2.514000	0.000000	-0.012957	-0.045350	0.000000	-1.495062	1.495062	2.491770
0.510000	-2.513700	0.000000	-0.006479	-0.051829	0.000000	-1.495062	1.495062	2.491770
0.520000	-2.513300	0.000000	-0.006479	-0.045350	0.000000	-1.495062	1.495062	2.491770
0.530000	-2.512900	0.000000	-0.006479	-0.045350	0.000000	-1.495062	1.495062	2.491770
0.540000	-2.512500	0.000000	-0.012957	-0.045350	0.000000	-1.495062	1.495062	2.491770
0.550000	-2.512100	0.000000	-0.006479	-0.045350	0.000000	-1.495062	1.495062	2.491770
0.560000	-2.511700	0.000000	-0.006479	-0.045350	0.000000	-1.495062	1.495062	2.491770
0.570000	-2.511200	0.000000	-0.006479	-0.045350	0.000000	-1.495062	1.495062	2.491770
0.580000	-2.510800	0.000000	-0.006479	-0.045350	0.000000	-1.495062	1.495062	2.491770
0.590000	-2.510400	0.000000	-0.006479	-0.045350	0.000000	-1.495062	1.495062	2.491770
0.600000	-2.509900	0.000000	-0.006479	-0.045350	0.000000	-0.996708	1.495062	2.491770
0.610000	-2.509400	0.000000	-0.006479	-0.045350	0.000000	-1.495062	1.495062	2.491770
0.620000	-2.509000	0.000000	-0.006479	-0.045350	0.000000	-1.495062	1.495062	2.491770
0.630000	-2.508500	0.000000	-0.006479	-0.045350	0.000000	-0.996708	1.495062	2.491770
0.640000	-2.507900	0.000000	-0.006479	-0.045350	0.000000	-0.996708	1.495062	1.993416
0.650000	-2.507500	0.000000	-0.006479	-0.045350	0.000000	-0.996708	1.495062	1.993416
0.660000	-2.506900	0.000000	-0.006479	-0.045350	0.000000	-0.996708	1.495062	1.993416
0.670000	-2.506500	0.000000	-0.006479	-0.045350	0.000000	-0.996708	1.495062	1.993416
0.680000	-2.505900	0.000000	-0.006479	-0.045350	0.000000	-0.996708	1.495062	1.993416
0.690000	-2.505400	0.000000	-0.006479	-0.045350	0.000000	-0.996708	1.495062	1.993416
0.700000	-2.504800	0.000000	-0.006479	-0.038872	0.000000	-0.996708	1.495062	1.993416
0.710000	-2.504300	0.000000	-0.006479	-0.038872	0.000000	-0.996708	1.495062	1.993416
0.720000	-2.503700	0.000000	-0.006479	-0.045350	0.000000	-0.996708	1.495062	1.993416
0.730000	-2.503100	0.000000	-0.006479	-0.045350	0.000000	-0.996708	1.495062	1.993416
0.740000	-2.502500	0.000000	-0.006479	-0.038872	0.000000	-0.996708	1.495062	1.993416
0.750000	-2.501900	0.000000	-0.006479	-0.038872	0.000000	-0.996708	1.495062	1.993416
0.760000	-2.501300	0.000000	-0.006479	-0.038872	0.000000	-0.996708	1.495062	1.993416
0.770000	-2.500700	0.000000	-0.006479	-0.038872	0.000000	-0.996708	1.495062	1.993416
0.780000	-2.500000	0.000000	-0.006479	-0.045350	0.000000	-0.996708	1.495062	1.993416
0.790000	-2.499400	0.000000	-0.006479	-0.038872	0.000000	-0.996708	1.495062	1.993416
0.800000	-2.498700	0.000000	-0.006479	-0.038872	0.000000	-0.996708	1.495062	1.993416
0.810000	-2.498100	0.000000	-0.006479	-0.038872	0.000000	-0.996708	1.495062	1.993416
0.820000	-2.497500	0.000000	-0.006479	-0.038872	0.000000	-0.996708	1.495062	1.993416
0.830000	-2.496700	0.000000	-0.006479	-0.038872	0.000000	-0.996708	0.996708	1.993416
0.840000	-2.496100	0.000000	-0.006479	-0.038872	0.000000	-0.996708	0.996708	1.993416
0.850000	-2.495300	0.000000	-0.006479	-0.038872	0.000000	-0.996708	0.996708	1.993416
0.860000	-2.494600	0.000000	-0.006479	-0.038872	0.000000	-0.996708	0.996708	1.993416
0.870000	-2.493900	0.000000	-0.006479	-0.038872	0.000000	-0.996708	0.996708	1.495062
0.880000	-2.493100	0.000000	-0.006479	-0.038872	0.000000	-0.996708	0.996708	1.495062
0.890000	-2.492400	0.000000	-0.006479	-0.038872	0.000000	-0.996708	0.996708	1.495062
0.900000	-2.491600	0.000000	-0.006479	-0.032393	0.000000	-0.996708	0.996708	1.495062
0.910000	-2.490900	0.000000	-0.006479	-0.032393	0.000000	-0.996708	0.996708	1.495062
0.920000	-2.490200	0.000000	-0.006479	-0.032393	0.000000	-0.996708	0.996708	1.495062
0.930000	-2.489300	0.000000	-0.006479	-0.032393	0.000000	-0.996708	0.996708	1.495062
0.940000	-2.488600	0.000000	-0.006479	-0.032393	0.000000	-0.996708	0.996708	1.495062
0.950000	-2.487700	0.000000	-0.006479	-0.032393	0.000000	-0.996708	0.996708	1.495062
0.960000	-2.486900	0.000000	-0.006479	-0.032393	0.000000	-0.996708	0.996708	1.495062
0.970000	-2.486100	0.000000	0.000000	-0.032393	0.000000	-0.996708	0.996708	1.495062
0.980000	-2.485300	0.000000	0.000000	-0.032393	0.000000	-0.996708	0.996708	1.495062
0.990000	-2.484300	0.000000	0.000000	-0.032393	0.000000	-0.996708	0.996708	1.495062
1.000000	-2.483500	0.000000	0.000000	-0.032393	0.000000	-0.996708	0.996708	1.495062
1.010000	-2.482600	0.000000	-0.006479	-0.032393	0.000000	-0.996708	0.996708	1.495062
1.020000	-2.481900	0.000000	0.000000	-0.032393	0.000000	-0.996708	0.996708	1.495062
1.030000	-2.480900	0.000000	0.000000	-0.032393	0.000000	-0.996708	0.996708	1.495062
1.040000	-2.480000	0.000000	0.000000	-0.032393	0.000000	-0.996708	0.996708	1.495062
1.050000	-2.479200	0.000000	0.000000	-0.032393	0.000000	-0.498354	0.996708	0.996708
1.060000	-2.478100	0.000000	0.000000	-0.025914	0.000000	-0.498354	0.996708	0.996708
1.070000	-2.477300	0.000000	0.000000	-0.025914	0.000000	-0.498354	0.996708	0.996708
1.080000	-2.476400	0.000000	0.000000	-0.025914	0.000000	-0.498354	0.996708	0.996708
1.090000	-2.475300	0.000000	0.000000	-0.025914	0.000000	-0.498354	0.996708	0.996708
1.100000	-2.474500	0.000000	0.000000	-0.025914	-0.019934	-0.498354	0.996708	0.996708
1.110000	-2.473500	0.000000	0.000000	-0.025914	-0.019934	-0.498354	0.996708	0.996708
1.120000	-2.472600	0.000000	0.000000	-0.025914	-0.019934	-0.498354	0.996708	0.996708
1.130000	-2.471400	0.000000	0.000000	-0.025914	-0.019934	-0.498354	0.996708	0.996708
1.140000	-2.470500	0.000000	0.000000	-0.025914	-0.019934	-0.498354	0.996708	0.996708
1.150000	-2.469500	0.000000	0.000000	-0.025914	-0.019934	-0.498354	0.996708	0.996708
1.160000	-2.468500	0.000000	0.000000	-0.025914	-0.019934	-0.498354	0.996708	0.996708
1.170000	-2.467700	0.000000	0.000000	-0.025914	-0.019934	-0.498354	0.996708	0.996708
1.180000	-2.466300	0.000000	0.000000	-0.025914	-0.019934	-0.498354	0.996708	0.996708
1.190000	-2.465600	0.000000	0.000000	-0.025914	-0.019934	-0.498354	0.498354	0.996708
1.200000	-2.464400	0.000000	0.000000	-0.019436	-0.019934	-0.498354	0.498354	0.996708
1.210000	-2.463600	0.000000	0.000000	-0.019436	-0.019934	-0.498354	0.498354	0.498354
1.220000	-2.462400	0.000000	0.000000	-0.019436	-0.019934	-0.498354	0.498354	0.498354
1.230000	-2.461600	0.000000	0.000000	-0.019436	-0.019934	-0.498354	0.498354	0.498354
1.240000	-2.460500	0.000000	0.000000	-0.019436	-0.019934	-0.498354	0.498354	0.498354
1.250000	-2.459500	0.000000	0.006479	-0.019436	-0.019934	-0.498354	0.498354	0.498354
1.260000	-2.458600	0.000000	0.006479	-0.019436	-0.019934	-0.498354	0.498354	0.498354
1.270000	-2.457500	0.000000	0.000000	-0.019436	-0.019934	-0.498354	0.498354	0.498354
1.280000	-2.456500	0.000000	0.000000	-0.019436	-0.019934	-0.498354	0.498354	0.498354
1.290000	-2.455500	0.000000	0.000000	-0.019436	-0.019934	-0.498354	0.498354	0.498354
1.300000	-2.454600	0.000000	0.006479	-0.019436	-0.019934	-0.498354	0.498354	0.498354
1.310000	-2.453600	0.000000	0.006479	-0.012957	-0.019934	0.000000	0.498354	0.498354
1.320000	-2.452600	0.000000	0.000000	-0.012957	-0.019934	0.000000	0.498354	0.498354
1.330000	-2.451500	0.000000	0.000000	-0.019436	-0.019934	-0.498354	0.498354	0.498354
1.340000	-2.450500	0.000000	0.000000	-0.019436	-0.019934	-0.498354	0.498354	0.498354
1.350000	-2.449500	0.000000	0.006479	-0.012957	-0.019934	0.000000	0.498354	0.498354
1.360000	-2.448500	0.000000	0.006479	-0.012957	-0.019934	0.000000	0.498354	0.000000
1.370000	-2.447500	0.000000	0.006479	-0.012957	-0.019934	0.000000	0.498354	0.000000
1.380000	-2.446600	0.000000	0.006479	-0.012957	-0.019934	0.000000	0.498354	0.000000
1.390000	-2.445500	0.000000	0.006479	-0.012957	-0.019934	0.000000	0.498354	0.000000
1.400000	-2.444600	0.000000	0.006479	-0.012957	-0.019934	0.000000	0.498354	0.000000
1.410000	-2.443500	0.000000	0.006479	-0.012957	-0.019934	0.000000	0.498354	0.000000
1.420000	-2.442600	0.000000	0.006479	-0.012957	-0.019934	0.000000	0.498354	0.000000
1.430000	-2.441500	0.000000	0.006479	-0.012957	-0.019934	0.000000	0.498354	0.000000
1.440000	-2.440600	0.000000	0.006479	-0.012957	-0.019934	0.000000	0.498354	0.000000
1.450000	-2.439400	0.000000	0.006479	-0.012957	-0.019934	0.000000	0.498354	0.000000
1.460000	-2.438600	0.000000	0.006479	-0.012957	-0.019934	0.000000	0.498354	0.000000
1.470000	-2.437600	0.000000	0.006479	-0.006479	-0.039868	0.000000	0.498354	0.000000
1.480000	-2.436500	0.000000	0.006479	-0.006479	-0.039868	0.000000	0.498354	0.000000
1.490000	-2.435500	0.000000	0.006479	-0.006479	-0.039868	0.000000	0.498354	0.000000
1.500000	-2.434600	0.000000	0.006479	-0.006479	-0.039868	0.000000	0.000000	0.000000
1.510000	-2.433600	0.000000	0.006479	-0.006479	-0.039868	0.000000	0.000000	0.000000
1.520000	-2.432400	0.000000	0.006479	-0.006479	-0.039868	0.000000	0.000000	-0.498354
1.530000	-2.431600	0.000000	0.006479	-0.006479	-0.039868	0.000000	0.000000	-0.498354
1.540000	-2.430600	0.000000	0.006479	-0.006479	-0.039868	0.000000	0.000000	-0.498354
1.550000	-2.429500	0.000000	0.006479	-0.006479	-0.039868	0.000000	0.000000	-0.498354
1.560000	-2.428500	0.000000	0.006479	-0.006479	-0.039868	0.000000	0.000000	-0.498354
1.570000	-2.427400	0.000000	0.006479	-0.006479	-0.039868	0.000000	0.000000	-0.498354
1.580000	-2.426600	0.000000	0.006479	-0.006479	-0.039868	0.000000	0.000000	-0.498354
1.590000	-2.425300	0.000000	0.006479	-0.006479	-0.039868	0.000000	0.000000	-0.498354
1.600000	-2.424500	0.000000	0.006479	-0.006479	-0.039868	0.000000	0.000000	-0.498354
1.610000	-2.423500	0.000000	0.012957	0.000000	-0.039868	0.000000	0.000000	-0.498354
1.620000	-2.422500	0.000000	0.012957	0.000000	-0.039868	0.000000	0.000000	-0.498354
1.630000	-2.421500	0.000000	0.006479	0.000000	-0.039868	0.000000	0.000000	-0.498354
1.640000	-2.420400	0.000000	0.006479	0.000000	-0.039868	0.000000	0.000000	-0.498354
1.650000	-2.419600	0.000000	0.006479	0.000000	-0.039868	0.498354	0.000000	-0.498354
1.660000	-2.418500	0.000000	0.012957	0.000000	-0.039868	0.000000	0.000000	-0.498354
1.670000	-2.417500	0.000000	0.006479	-0.006479	-0.039868	0.000000	0.000000	-0.498354
1.680000	-2.416600	0.000000	0.006479	0.000000	-0.039868	0.000000	0.000000	-0.498354
1.690000	-2.415500	0.000000	0.006479	0.006479	-0.039868	0.498354	0.000000	-0.996708
1.700000	-2.414600	0.000000	0.006479	0.006479	-0.039868	0.498354	0.000000	-0.996708
1.710000	-2.413500	0.000000	0.006479	0.000000	-0.039868	0.000000	0.000000	-0.996708
1.720000	-2.412500	0.000000	0.006479	0.000000	-0.039868	0.000000	0.000000	-0.996708
1.730000	-2.411500	0.000000	0.012957	0.000000	-0.039868	0.498354	0.000000	-0.996708
1.740000	-2.410500	0.000000	0.012957	0.006479	-0.039868	0.498354	0.000000	-0.996708
1.750000	-2.409600	0.000000	0.012957	0.006479	-0.039868	0.498354	0.000000	-0.996708
1.760000	-2.408600	0.000000	0.006479	0.000000	-0.039868	0.498354	0.000000	-0.996708
1.770000	-2.407500	0.000000	0.006479	0.000000	-0.039868	0.498354	0.000000	-0.996708
1.780000	-2.406500	0.000000	0.012957	0.006479	-0.039868	0.498354	0.000000	-0.996708
1.790000	-2.405500	0.000000	0.012957	0.006479	-0.039868	0.498354	0.000000	-0.996708
1.800000	-2.404500	0.000000	0.012957	0.006479	-0.039868	0.498354	0.000000	-0.996708
1.810000	-2.403500	0.000000	0.006479	0.006479	-0.039868	0.498354	0.000000	-0.996708
1.820000	-2.402500	0.000000	0.012957	0.006479	-0.039868	0.498354	0.000000	-0.996708
1.830000	-2.401500	0.000000	0.012957	0.006479	-0.059802	0.498354	0.000000	-0.996708
1.840000	-2.400500	0.000000	0.012957	0.006479	-0.059802	0.498354	0.000000	-0.996708
1.850000	-2.399500	0.000000	0.012957	0.006479	-0.059802	0.498354	0.000000	-0.996708
1.860000	-2.398500	0.000000	0.012957	0.006479	-0.059802	0.498354	0.000000	-0.996708
1.870000	-2.397500	0.000000	0.012957	0.006479	-0.059802	0.498354	0.000000	-0.996708
1.880000	-2.396500	0.000000	0.012957	0.006479	-0.059802	0.498354	0.000000	-1.495062
1.890000	-2.395500	0.000000	0.012957	0.006479	-0.059802	0.498354	-0.498354	-1.495062
1.900000	-2.394600	0.000000	0.012957	0.012957	-0.059802	0.498354	-0.498354	-1.495062
1.910000	-2.393500	0.000000	0.012957	0.006479	-0.059802	0.498354	-0.498354	-1.495062
1.920000	-2.392600	0.000000	0.012957	0.006479	-0.059802	0.498354	-0.498354	-1.495062
1.930000	-2.391600	0.000000	0.012957	0.006479	-0.059802	0.498354	-0.498354	-1.495062
1.940000	-2.390500	0.000000	0.012957	0.012957	-0.059802	0.498354	-0.498354	-1.495062
1.950000	-2.389500	0.000000	0.012957	0.012957	-0.059802	0.498354	-0.498354	-1.495062
1.960000	-2.388500	0.000000	0.012957	0.012957	-0.059802	0.498354	-0.498354	-1.495062
1.970000	-2.387500	0.000000	0.012957	0.006479	-0.059802	0.498354	-0.498354	-1.495062
1.980000	-2.386500	0.000000	0.012957	0.012957	-0.059802	0.498354	-0.498354	-1.495062
1.990000	-2.385500	0.000000	0.012957	0.012957	-0.059802	0.498354	-0.498354	-1.495062
2.000000	-2.384500	0.000000	0.012957	0.012957	-0.059802	0.498354	-0.498354	-1.495062
2.010000	-2.383500	0.000000	0.012957	0.012957	-0.059802	0.498354	-0.498354	-1.495062
2.020000	-2.382600	0.000000	0.012957	0.012957	-0.059802	0.498354	-0.498354	-1.495062
2.030000	-2.381500	0.000000	0.012957	0.012957	-0.059802	0.498354	-0.498354	-1.495062
2.040000	-2.380500	0.000000	0.012957	0.012957	-0.059802	0.996708	-0.498354	-1.495062
2.050000	-2.379600	0.000000	0.012957	0.012957	-0.059802	0.996708	-0.498354	-1.495062
2.060000	-2.378500	0.000000	0.012957	0.012957	-0.059802	0.996708	-0.498354	-1.495062
2.070000	-2.377500	0.000000	0.012957	0.012957	-0.059802	0.996708	-0.498354	-1.495062
2.080000	-2.376500	0.000000	0.012957	0.012957	-0.059802	0.498354	-0.498354	-1.495062
2.090000	-2.375500	0.000000	0.012957	0.012957	-0.059802	0.498354	-0.498354	-1.993416
2.100000	-2.374500	0.000000	0.019436	0.019436	-0.059802	0.996708	-0.498354	-1.993416
2.110000	-2.373500	0.000000	0.012957	0.019436	-0.059802	0.996708	-0.498354	-1.993416
2.120000	-2.372500	0.000000	0.012957	0.012957	-0.059802	0.996708	-0.498354	-1.993416
2.130000	-2.371500	0.000000	0.012957	0.012957	-0.059802	0.498354	-0.498354	-1.993416
2.140000	-2.370500	0.000000	0.019436	0.012957	-0.059802	0.996708	-0.498354	-1.993416
2.150000	-2.369500	0.000000	0.019436	0.019436	-0.059802	0.996708	-0.498354	-1.993416
2.160000	-2.368600	0.000000	0.012957	0.019436	-0.059802	0.996708	-0.498354	-1.993416
2.170000	-2.367500	0.000000	0.012957	0.012957	-0.059802	0.996708	-0.498354	-1.993416
2.180000	-2.366500	0.000000	0.012957	0.012957	-0.059802	0.996708	-0.498354	-1.993416
2.190000	-2.365500	0.000000	0.019436	0.012957	-0.059802	0.996708	-0.498354	-1.993416
2.200000	-2.364500	0.000000	0.019436	0.019436	-0.059802	0.996708	-0.498354	-1.993416
2.210000	-2.363500	0.000000	0.019436	0.019436	-0.059802	0.996708	-0.498354	-1.993416
2.220000	-2.362500	0.000000	0.012957	0.012957	-0.059802	0.996708	-0.498354	-1.993416
2.230000	-2.361500	0.000000	0.012957	0.012957	-0.059802	0.996708	-0.498354	-1.993416
2.240000	-2.360500	0.000000	0.012957	0.012957	-0.059802	0.996708	-0.498354	-1.993416
2.250000	-2.359600	0.000000	0.012957	0.012957	-0.059802	0.996708	-0.498354	-1.993416
2.260000	-2.358500	0.000000	0.012957	0.019436	-0.059802	0.996708	-0.498354	-1.993416
2.270000	-2.357600	0.000000	0.012957	0.019436	-0.059802	0.996708	-0.498354	-1.993416
2.280000	-2.356500	0.000000	0.012957	0.012957	-0.059802	0.996708	-0.498354	-1.993416
2.290000	-2.355500	0.000000	0.012957	0.012957	-0.059802	0.996708	-0.498354	-1.993416
2.300000	-2.354600	0.000000	0.012957	0.019436	-0.059802	0.996708	-0.498354	-1.993416
2.310000	-2.353500	0.000000	0.019436	0.019436	-0.059802	0.996708	-0.498354	-1.993416
2.320000	-2.352500	0.000000	0.019436	0.019436	-0.059802	0.996708	-0.498354	-1.993416
2.330000	-2.351500	0.000000	0.012957	0.012957	-0.059802	0.996708	-0.498354	-1.993416
2.340000	-2.350600	0.000000	0.012957	0.012957	-0.059802	0.996708	-0.498354	-1.993416
2.350000	-2.349500	0.000000	0.012957	0.012957	-0.059802	0.996708	-0.498354	-1.993416
2.360000	-2.348500	0.000000	0.019436	0.019436	-0.079737	0.996708	-0.498354	-1.993416
2.370000	-2.347500	0.000000	0.019436	0.019436	-0.079737	0.996708	-0.498354	-1.993416
2.380000	-2.346500	0.000000	0.019436	0.012957	-0.059802	0.996708	-0.498354	-1.993416
2.390000	-2.345500	0.000000	0.012957	0.012957	-0.059802	0.996708	-0.498354	-1.993416
2.400000	-2.344600	0.000000	0.012957	0.012957	-0.079737	0.996708	-0.498354	-1.993416
2.410000	-2.343500	0.000000	0.019436	0.019436	-0.079737	0.996708	-0.498354	-1.993416
2.420000	-2.342600	0.000000	0.019436	0.019436	-0.079737	0.996708	-0.498354	-1.993416
2.430000	-2.341500	0.000000	0.019436	0.012957	-0.079737	0.996708	-0.498354	-1.993416
2.440000	-2.340500	0.000000	0.012957	0.012957	-0.079737	0.996708	-0.498354	-1.993416
2.450000	-2.339600	0.000000	0.012957	0.012957	-0.079737	0.996708	-0.498354	-1.993416
2.460000	-2.338500	0.000000	0.019436	0.019436	-0.079737	0.996708	-0.498354	-1.993416
2.470000	-2.337600	0.000000	0.019436	0.019436	-0.079737	0.996708	-0.498354	-1.993416
2.480000	-2.336500	0.000000	0.012957	0.019436	-0.079737	0.996708	-0.498354	-1.993416
2.490000	-2.335500	0.000000	0.012957	0.019436	-0.079737	0.996708	-0.498354	-1.993416
2.500000	-2.334500	0.000000	0.019436	0.019436	-0.079737	0.996708	-0.498354	-1.993416
2.510000	-2.333600	0.000000	0.019436	0.019436	-0.079737	0.996708	-0.498354	-1.993416
2.520000	-2.332600	0.000000	0.012957	0.019436	-0.079737	0.996708	-0.498354	-1.993416
2.530000	-2.331500	0.000000	0.012957	0.012957	-0.079737	0.996708	-0.498354	-1.993416
2.540000	-2.330500	0.000000	0.019436	0.012957	-0.079737	0.996708	-0.498354	-1.993416
2.550000	-2.329600	0.000000	0.019436	0.019436	-0.079737	0.996708	-0.498354	-1.993416
2.560000	-2.328500	0.000000	0.019436	0.019436	-0.079737	0.996708	-0.498354	-1.993416
2.570000	-2.327500	0.000000	0.012957	0.019436	-0.079737	0.996708	-0.498354	-1.993416
2.580000	-2.326600	0.000000	0.012957	0.012957	-0.079737	0.996708	-0.498354	-1.993416
2.590000	-2.325500	0.000000	0.019436	0.019436	-0.079737	0.996708	-0.498354	-1.993416
2.600000	-2.324600	0.000000	0.019436	0.025914	-0.079737	0.996708	-0.996708	-1.993416
2.610000	-2.323500	0.000000	0.019436	0.019436	-0.079737	0.996708	-0.498354	-1.993416
2.620000	-2.322500	0.000000	0.012957	0.019436	-0.079737	0.996708	-0.498354	-1.993416
2.630000	-2.321500	0.000000	0.012957	0.019436	-0.079737	0.996708	-0.498354	-1.993416
2.640000	-2.320600	0.000000	0.019436	0.019436	-0.079737	0.996708	-0.498354	-1.993416
2.650000	-2.319600	0.000000	0.019436	0.019436	-0.079737	0.996708	-0.996708	-1.993416
2.660000	-2.318500	0.000000	0.019436	0.019436	-0.079737	0.996708	-0.498354	-1.993416
2.670000	-2.317400	0.000000	0.019436	0.019436	-0.079737	0.996708	-0.498354	-1.993416
2.680000	-2.316500	0.000000	0.012957	0.019436	-0.079737	0.996708	-0.498354	-1.993416
2.690000	-2.315500	0.000000	0.019436	0.019436	-0.079737	0.996708	-0.498354	-1.993416
2.700000	-2.314500	0.000000	0.019436	0.019436	-0.079737	0.996708	-0.498354	-1.993416
2.710000	-2.313500	0.000000	0.019436	0.019436	-0.079737	0.996708	-0.498354	-1.993416
2.720000	-2.312500	0.000000	0.019436	0.019436	-0.079737	0.996708	-0.498354	-1.993416
2.730000	-2.311500	0.000000	0.019436	0.019436	-0.079737	0.996708	-0.498354	-1.993416
2.740000	-2.310500	0.000000	0.012957	0.019436	-0.079737	0.996708	-0.498354	-1.993416
2.750000	-2.309500	0.000000	0.012957	0.019436	-0.079737	0.996708	-0.498354	-1.993416
2.760000	-2.308500	0.000000	0.019436	0.019436	-0.079737	0.996708	-0.498354	-1.993416
2.770000	-2.307500	0.000000	0.019436	0.019436	-0.079737	0.996708	-0.996708	-1.993416
2.780000	-2.306400	0.000000	0.019436	0.019436	-0.079737	0.996708	-0.498354	-1.993416
2.790000	-2.305600	0.000000	0.012957	0.019436	-0.079737	0.996708	-0.498354	-1.993416
2.800000	-2.304600	0.000000	0.012957	0.019436	-0.079737	0.996708	-0.498354	-1.993416
2.810000	-2.303600	0.000000	0.019436	0.019436	-0.079737	0.996708	-0.996708	-1.993416
2.820000	-2.302400	0.000000	0.019436	0.019436	-0.079737	0.996708	-0.996708	-1.993416
2.830000	-2.301500	0.000000	0.019436	0.019436	-0.079737	0.996708	-0.996708	-1.993416
2.840000	-2.300500	0.000000	0.019436	0.019436	-0.079737	0.996708	-0.498354	-1.993416
2.850000	-2.299500	0.000000	0.012957	0.025914	-0.079737	0.996708	-0.498354	-1.993416
2.860000	-2.298600	0.000000	0.019436	0.019436	-0.079737	0.996708	-0.996708	-1.993416
2.870000	-2.297600	0.000000	0.019436	0.019436	-0.079737	0.996708	-0.996708	-1.993416
2.880000	-2.296600	0.000000	0.019436	0.019436	-0.079737	0.996708	-0.996708	-1.993416
2.890000	-2.295500	0.000000	0.019436	0.019436	-0.079737	0.996708	-0.996708	-1.993416
2.900000	-2.294500	0.000000	0.019436	0.025914	-0.079737	1.495062	-0.996708	-1.993416
2.910000	-2.293500	0.000000	0.019436	0.025914	-0.079737	0.996708	-0.996708	-1.993416
2.920000	-2.292400	0.000000	0.019436	0.019436	-0.079737	0.996708	-0.996708	-1.993416
2.930000	-2.291600	0.000000	0.019436	0.019436	-0.079737	0.996708	-0.996708	-2.491770
2.940000	-2.290700	0.000000	0.019436	0.025914	-0.079737	0.996708	-0.996708	-2.491770
2.950000	-2.289500	0.000000	0.019436	0.025914	-0.079737	1.495062	-0.996708	-2.491770
2.960000	-2.288500	0.000000	0.019436	0.025914	-0.079737	1.495062	-0.996708	-2.491770
2.970000	-2.287700	0.000000	0.019436	0.025914	-0.079737	0.996708	-0.996708	-2.491770
2.980000	-2.286500	0.000000	0.019436	0.025914	-0.079737	0.996708	-0.996708	-2.491770
2.990000	-2.285300	0.000000	0.019436	0.025914	-0.079737	1.495062	-0.996708	-2.491770
3.000000	-2.284600	0.000000	0.019436	0.025914	-0.079737	1.495062	-0.996708	-2.491770
3.010000	-2.283500	0.000000	0.019436	0.019436	-0.079737	0.996708	-0.996708	-2.491770
3.020000	-2.282600	0.000000	0.019436	0.019436	-0.079737	0.996708	-0.996708	-2.491770
3.030000	-2.281600	0.000000	0.019436	0.025914	-0.099671	1.495062	-0.996708	-2.491770
3.040000	-2.280600	0.000000	0.019436	0.025914	-0.099671	1.495062	-0.996708	-2.491770
3.050000	-2.279700	0.000000	0.019436	0.025914	-0.079737	1.495062	-0.996708	-2.491770
3.060000	-2.278300	0.000000	0.019436	0.019436	-0.079737	0.996708	-0.996708	-2.491770
3.070000	-2.277500	0.000000	0.019436	0.025914	-0.099671	1.495062	-0.996708	-2.491770
3.080000	-2.276500	0.000000	0.019436	0.025914	-0.099671	1.495062	-0.996708	-2.491770
3.090000	-2.275500	0.000000	0.019436	0.025914	-0.099671	1.495062	-0.996708	-2.491770
3.100000	-2.274500	0.000000	0.019436	0.025914	-0.079737	1.495062	-0.996708	-2.491770
3.110000	-2.273500	0.000000	0.019436	0.025914	-0.079737	1.495062	-0.996708	-2.491770
3.120000	-2.272500	0.000000	0.019436	0.025914	-0.099671	1.495062	-0.996708	-2.491770
3.130000	-2.271500	0.000000	0.019436	0.025914	-0.099671	1.495062	-0.996708	-2.491770
3.140000	-2.270400	0.000000	0.019436	0.025914	-0.099671	1.495062	-0.996708	-2.491770
3.150000	-2.269600	0.000000	0.019436	0.025914	-0.099671	1.495062	-0.996708	-2.491770
3.160000	-2.268500	0.000000	0.019436	0.025914	-0.099671	1.495062	-0.996708	-2.491770
3.170000	-2.267500	0.000000	0.019436	0.025914	-0.099671	1.495062	-0.996708	-2.491770
3.180000	-2.266500	0.000000	0.019436	0.025914	-0.099671	1.495062	-0.996708	-2.491770
3.190000	-2.265500	0.000000	0.019436	0.025914	-0.099671	1.495062	-0.996708	-2.491770
3.200000	-2.264500	0.000000	0.019436	0.025914	-0.099671	1.495062	-0.996708	-2.491770
3.210000	-2.263500	0.000000	0.019436	0.025914	-0.099671	1.495062	-0.996708	-2.491770
3.220000	-2.262500	0.000000	0.019436	0.025914	-0.099671	1.495062	-0.996708	-2.491770
3.230000	-2.261600	0.000000	0.019436	0.025914	-0.099671	1.495062	-0.996708	-2.491770
3.240000	-2.260600	0.000000	0.019436	0.025914	-0.099671	1.495062	-0.996708	-2.491770
3.250000	-2.259600	0.000000	0.019436	0.025914	-0.099671	1.495062	-0.996708	-2.491770
3.260000	-2.258500	0.000000	0.019436	0.025914	-0.099671	1.495062	-0.996708	-2.491770
3.270000	-2.257500	0.000000	0.019436	0.025914	-0.099671	1.495062	-0.996708	-2.491770
3.280000	-2.256600	0.000000	0.019436	0.032393	-0.099671	1.495062	-0.996708	-2.491770
3.290000	-2.255500	0.000000	0.019436	0.032393	-0.099671	1.495062	-0.996708	-2.491770
3.300000	-2.254600	0.000000	0.019436	0.025914	-0.099671	1.495062	-0.996708	-2.491770
3.310000	-2.253500	0.000000	0.019436	0.025914	-0.099671	1.495062	-0.996708	-2.491770
3.320000	-2.252500	0.000000	0.019436	0.032393	-0.099671	1.495062	-0.996708	-2.491770
3.330000	-2.251600	0.000000	0.019436	0.032393	-0.099671	1.495062	-0.996708	-2.491770
3.340000	-2.250500	0.000000	0.019436	0.032393	-0.099671	1.495062	-0.996708	-2.491770
3.350000	-2.249600	0.000000	0.019436	0.025914	-0.099671	1.495062	-0.996708	-2.491770
3.360000	-2.248600	0.000000	0.019436	0.032393	-0.099671	1.495062	-0.996708	-2.491770
3.370000	-2.247500	0.000000	0.019436	0.032393	-0.099671	1.495062	-0.996708	-2.491770
3.380000	-2.246500	0.000000	0.019436	0.032393	-0.099671	1.495062	-0.996708	-2.990125
3.390000	-2.245500	0.000000	0.019436	0.032393	-0.099671	1.495062	-0.996708	-2.990125
3.400000	-2.244500	0.000000	0.019436	0.032393	-0.099671	1.495062	-0.996708	-2.990125
3.410000	-2.243500	0.000000	0.019436	0.032393	-0.099671	1.495062	-0.996708	-2.990125
3.420000	-2.242500	0.000000	0.019436	0.032393	-0.099671	1.495062	-0.996708	-2.990125
3.430000	-2.241500	0.000000	0.019436	0.032393	-0.099671	1.495062	-0.996708	-2.990125
3.440000	-2.240600	0.000000	0.019436	0.032393	-0.099671	1.495062	-0.996708	-2.990125
3.450000	-2.239500	0.000000	0.019436	0.032393	-0.099671	1.495062	-0.996708	-2.990125
3.460000	-2.238500	0.000000	0.019436	0.032393	-0.099671	1.495062	-0.996708	-2.990125
3.470000	-2.237500	0.000000	0.019436	0.032393	-0.099671	1.495062	-0.996708	-2.990125
3.480000	-2.236500	0.000000	0.019436	0.032393	-0.099671	1.495062	-0.996708	-2.990125
3.490000	-2.235500	0.000000	0.019436	0.032393	-0.099671	1.495062	-0.996708	-2.990125
3.500000	-2.234500	0.000000	0.019436	0.032393	-0.099671	1.495062	-0.996708	-2.990125
3.510000	-2.233600	0.000000	0.025914	0.032393	-0.099671	1.495062	-0.996708	-2.990125
3.520000	-2.232500	0.000000	0.025914	0.032393	-0.099671	1.495062	-0.996708	-2.990125
3.530000	-2.231500	0.000000	0.019436	0.032393	-0.099671	1.495062	-0.996708	-2.990125
3.540000	-2.230600	0.000000	0.019436	0.032393	-0.099671	1.495062	-0.996708	-2.990125
3.550000	-2.229500	0.000000	0.019436	0.032393	-0.099671	1.495062	-0.996708	-2.990125
3.560000	-2.228600	0.000000	0.025914	0.032393	-0.099671	1.495062	-0.996708	-2.990125
3.570000	-2.227500	0.000000	0.025914	0.032393	-0.099671	1.495062	-0.996708	-2.990125
3.580000	-2.226500	0.000000	0.025914	0.032393	-0.099671	1.495062	-0.996708	-2.990125
3.590000	-2.225500	0.000000	0.019436	0.032393	-0.099671	1.495062	-0.996708	-2.990125
3.600000	-2.224500	0.000000	0.019436	0.032393	-0.099671	1.495062	-0.996708	-2.990125
3.610000	-2.223500	0.000000	0.019436	0.032393	-0.099671	1.495062	-0.996708	-2.990125
3.620000	-2.222500	0.000000	0.025914	0.032393	-0.099671	1.495062	-0.996708	-2.990125
3.630000	-2.221600	0.000000	0.025914	0.032393	-0.099671	1.495062	-0.996708	-2.990125
3.640000	-2.220500	0.000000	0.025914	0.032393	-0.099671	1.495062	-0.996708	-2.990125
3.650000	-2.219500	0.000000	0.025914	0.032393	-0.099671	1.495062	-1.495062	-2.990125
3.660000	-2.218500	0.000000	0.025914	0.032393	-0.119605	1.993416	-1.495062	-2.990125
3.670000	-2.217500	0.000000	0.019436	0.038872	-0.119605	1.993416	-1.495062	-2.990125
3.680000	-2.216500	0.000000	0.019436	0.038872	-0.119605	1.993416	-0.996708	-2.990125
3.690000	-2.215500	0.000000	0.019436	0.032393	-0.099671	1.495062	-1.495062	-2.990125
3.700000	-2.214600	0.000000	0.025914	0.032393	-0.099671	1.495062	-1.495062	-2.990125
3.710000	-2.213500	0.000000	0.025914	0.032393	-0.119605	1.495062	-1.495062	-2.990125
3.720000	-2.212500	0.000000	0.025914	0.038872	-0.119605	1.993416	-1.495062	-2.990125
3.730000	-2.211500	0.000000	0.019436	0.038872	-0.119605	1.993416	-1.495062	-2.990125
3.740000	-2.210600	0.000000	0.019436	0.032393	-0.119605	1.993416	-1.495062	-2.990125
3.750000	-2.209600	0.000000	0.025914	0.032393	-0.119605	1.993416	-1.495062	-2.990125
3.760000	-2.208500	0.000000	0.025914	0.038872	-0.119605	1.993416	-1.495062	-2.990125
3.770000	-2.207500	0.000000	0.025914	0.038872	-0.119605	1.993416	-1.495062	-2.990125
3.780000	-2.206500	0.000000	0.019436	0.038872	-0.119605	1.993416	-1.495062	-2.990125
3.790000	-2.205500	0.000000	0.025914	0.038872	-0.119605	1.993416	-1.495062	-2.990125
3.800000	-2.204500	0.000000	0.025914	0.038872	-0.119605	1.993416	-1.495062	-2.990125
3.810000	-2.203600	0.000000	0.025914	0.038872	-0.119605	1.993416	-1.495062	-2.990125
3.820000	-2.202500	0.000000	0.025914	0.038872	-0.119605	1.993416	-1.495062	-2.990125
3.830000	-2.201500	0.000000	0.025914	0.038872	-0.119605	1.993416	-1.495062	-2.990125
3.840000	-2.200500	0.000000	0.025914	0.038872	-0.119605	1.993416	-1.495062	-2.990125
3.850000	-2.199500	0.000000	0.025914	0.038872	-0.119605	1.993416	-1.495062	-2.990125
3.860000	-2.198500	0.000000	0.025914	0.038872	-0.119605	1.993416	-1.495062	-2.990125
3.870000	-2.197500	0.000000	0.025914	0.038872	-0.119605	1.993416	-1.495062	-2.990125
3.880000	-2.196600	0.000000	0.025914	0.038872	-0.119605	1.993416	-1.495062	-2.990125
3.890000	-2.195500	0.000000	0.025914	0.038872	-0.119605	1.993416	-1.495062	-2.990125
3.900000	-2.194600	0.000000	0.025914	0.038872	-0.119605	1.993416	-1.495062	-3.488479
3.910000	-2.193500	0.000000	0.025914	0.038872	-0.119605	1.993416	-1.495062	-3.488479
3.920000	-2.192600	0.000000	0.025914	0.038872	-0.119605	1.993416	-1.495062	-3.488479
3.930000	-2.191400	0.000000	0.025914	0.038872	-0.119605	1.993416	-1.495062	-3.488479
3.940000	-2.190500	0.000000	0.025914	0.038872	-0.119605	1.993416	-1.495062	-3.488479
3.950000	-2.189500	0.000000	0.025914	0.038872	-0.119605	1.993416	-1.495062	-3.488479
3.960000	-2.188500	0.000000	0.025914	0.038872	-0.119605	1.993416	-1.495062	-3.488479
3.970000	-2.187500	0.000000	0.025914	0.038872	-0.119605	1.993416	-1.495062	-3.488479
3.980000	-2.186500	0.000000	0.025914	0.038872	-0.119605	1.993416	-1.495062	-3.488479
3.990000	-2.185500	0.000000	0.025914	0.038872	-0.119605	1.993416	-1.495062	-3.488479
4.000000	-2.184600	0.000000	0.025914	0.038872	-0.119605	1.993416	-1.495062	-3.488479
4.010000	-2.183500	0.000000	0.025914	0.038872	-0.119605	1.993416	-1.495062	-3.488479
4.020000	-2.182500	0.000000	0.025914	0.038872	-0.119605	1.993416	-1.495062	-3.488479
4.030000	-2.181500	0.000000	0.025914	0.038872	-0.119605	1.993416	-1.495062	-3.488479
4.040000	-2.180500	0.000000	0.025914	0.038872	-0.119605	1.993416	-1.495062	-3.488479
4.050000	-2.179600	0.000000	0.025914	0.038872	-0.119605	1.993416	-1.495062	-3.488479
4.060000	-2.178500	0.000000	0.025914	0.038872	-0.119605	1.993416	-1.495062	-3.488479
4.070000	-2.177500	0.000000	0.025914	0.038872	-0.119605	1.993416	-1.495062	-3.488479
4.080000	-2.176500	0.000000	0.025914	0.038872	-0.119605	1.993416	-1.495062	-3.488479
4.090000	-2.175500	0.000000	0.025914	0.038872	-0.119605	1.993416	-1.495062	-3.488479
4.100000	-2.174500	0.000000	0.025914	0.038872	-0.119605	1.993416	-1.495062	-3.488479
4.110000	-2.173500	0.000000	0.025914	0.038872	-0.119605	1.993416	-1.495062	-3.488479
4.120000	-2.172500	0.000000	0.025914	0.038872	-0.119605	1.993416	-1.495062	-3.488479
4.130000	-2.171600	0.000000	0.025914	0.038872	-0.119605	1.993416	-1.495062	-3.488479
4.140000	-2.170600	0.000000	0.025914	0.038872	-0.119605	1.993416	-1.495062	-3.488479
4.150000	-2.169500	0.000000	0.025914	0.038872	-0.119605	1.993416	-1.495062	-3.488479
4.160000	-2.168600	0.000000	0.025914	0.038872	-0.119605	1.993416	-1.495062	-3.488479
4.170000	-2.167600	0.000000	0.025914	0.038872	-0.119605	1.993416	-1.495062	-3.488479
4.180000	-2.166600	0.000000	0.025914	0.038872	-0.119605	1.993416	-1.495062	-3.488479
4.190000	-2.165500	0.000000	0.025914	0.038872	-0.119605	1.993416	-1.495062	-3.488479
4.200000	-2.164500	0.000000	0.025914	0.045350	-0.119605	1.993416	-1.495062	-3.488479
4.210000	-2.163500	0.000000	0.025914	0.045350	-0.119605	1.993416	-1.495062	-3.488479
4.220000	-2.162500	0.000000	0.025914	0.045350	-0.119605	1.993416	-1.495062	-3.488479
4.230000	-2.161600	0.000000	0.025914	0.038872	-0.119605	1.993416	-1.495062	-3.488479
4.240000	-2.160500	0.000000	0.025914	0.045350	-0.119605	1.993416	-1.495062	-3.488479
4.250000	-2.159500	0.000000	0.025914	0.045350	-0.119605	1.993416	-1.495062	-3.488479
4.260000	-2.158500	0.000000	0.025914	0.045350	-0.119605	1.993416	-1.495062	-3.488479
4.270000	-2.157500	0.000000	0.025914	0.038872	-0.119605	1.993416	-1.495062	-3.488479
4.280000	-2.156500	0.000000	0.025914	0.038872	-0.119605	1.993416	-1.495062	-3.488479
4.290000	-2.155600	0.000000	0.025914	0.045350	-0.119605	1.993416	-1.495062	-3.488479
4.300000	-2.154600	0.000000	0.025914	0.045350	-0.119605	1.993416	-1.495062	-3.488479
4.310000	-2.153500	0.000000	0.025914	0.045350	-0.119605	1.993416	-1.495062	-3.488479
4.320000	-2.152600	0.000000	0.025914	0.038872	-0.119605	1.993416	-1.495062	-3.488479
4.330000	-2.151600	0.000000	0.025914	0.038872	-0.119605	1.993416	-1.495062	-3.488479
4.340000	-2.150600	0.000000	0.032393	0.045350	-0.119605	1.993416	-1.495062	-3.488479
4.350000	-2.149600	0.000000	0.025914	0.045350	-0.119605	1.993416	-1.495062	-3.488479
4.360000	-2.148600	0.000000	0.025914	0.045350	-0.119605	1.993416	-1.495062	-3.488479
4.370000	-2.147600	0.000000	0.025914	0.045350	-0.119605	1.993416	-1.495062	-3.488479
4.380000	-2.146500	0.000000	0.025914	0.045350	-0.119605	1.993416	-1.993416	-3.488479
4.390000	-2.145500	0.000000	0.025914	0.045350	-0.119605	1.993416	-1.993416	-3.488479
4.400000	-2.144600	0.000000	0.025914	0.045350	-0.119605	1.993416	-1.993416	-3.488479
4.410000	-2.143500	0.000000	0.025914	0.045350	-0.119605	1.993416	-1.993416	-3.488479
4.420000	-2.142500	0.000000	0.025914	0.045350	-0.119605	1.993416	-1.993416	-3.488479
4.430000	-2.141500	0.000000	0.025914	0.045350	-0.119605	1.993416	-1.993416	-3.488479
4.440000	-2.140600	0.000000	0.025914	0.045350	-0.119605	1.993416	-1.993416	-3.488479
4.450000	-2.139500	0.000000	0.025914	0.045350	-0.119605	1.993416	-1.993416	-3.488479
4.460000	-2.138500	0.000000	0.025914	0.045350	-0.119605	1.993416	-1.993416	-3.488479
4.470000	-2.137600	0.000000	0.025914	0.045350	-0.119605	1.993416	-1.993416	-3.488479
4.480000	-2.136500	0.000000	0.025914	0.045350	-0.119605	1.993416	-1.993416	-3.488479
4.490000	-2.135400	0.000000	0.025914	0.045350	-0.119605	1.993416	-1.993416	-3.488479
4.500000	-2.134500	0.000000	0.025914	0.045350	-0.119605	1.993416	-1.993416	-3.488479
4.510000	-2.133600	0.000000	0.025914	0.045350	-0.119605	1.993416	-1.993416	-3.488479
4.520000	-2.132400	0.000000	0.025914	0.045350	-0.139539	1.993416	-1.993416	-3.488479
4.530000	-2.131600	0.000000	0.025914	0.045350	-0.119605	1.993416	-1.993416	-3.488479
4.540000	-2.130400	0.000000	0.025914	0.045350	-0.119605	1.993416	-1.993416	-3.488479
4.550000	-2.129500	0.000000	0.025914	0.045350	-0.119605	1.993416	-1.993416	-3.488479
4.560000	-2.128500	0.000000	0.025914	0.045350	-0.119605	1.993416	-1.993416	-3.488479
4.570000	-2.127500	0.000000	0.025914	0.045350	-0.119605	1.993416	-1.993416	-3.488479
4.580000	-2.126600	0.000000	0.025914	0.045350	-0.139539	1.993416	-1.993416	-3.488479
4.590000	-2.125500	0.000000	0.025914	0.045350	-0.139539	1.993416	-1.993416	-3.488479
4.600000	-2.124600	0.000000	0.025914	0.045350	-0.139539	1.993416	-1.993416	-3.488479
4.610000	-2.123500	0.000000	0.032393	0.045350	-0.139539	2.491770	-1.993416	-3.488479
4.620000	-2.122500	0.000000	0.025914	0.045350	-0.139539	2.491770	-1.993416	-3.488479
4.630000	-2.121600	0.000000	0.025914	0.045350	-0.139539	1.993416	-1.993416	-3.488479
4.640000	-2.120600	0.000000	0.032393	0.045350	-0.139539	1.993416	-1.993416	-3.488479
4.650000	-2.119600	0.000000	0.032393	0.045350	-0.139539	1.993416	-1.993416	-3.488479
4.660000	-2.118500	0.000000	0.025914	0.045350	-0.139539	2.491770	-1.993416	-3.488479
4.670000	-2.117600	0.000000	0.025914	0.045350	-0.139539	1.993416	-1.993416	-3.488479
4.680000	-2.116400	0.000000	0.025914	0.045350	-0.139539	1.993416	-1.993416	-3.986833
4.690000	-2.115400	0.000000	0.032393	0.045350	-0.139539	2.491770	-1.993416	-3.986833
4.700000	-2.114400	0.000000	0.032393	0.045350	-0.139539	2.491770	-1.993416	-3.986833
4.710000	-2.113500	0.000000	0.032393	0.045350	-0.139539	2.491770	-1.993416	-3.986833
4.720000	-2.112500	0.000000	0.025914	0.045350	-0.139539	2.491770	-1.993416	-3.986833
4.730000	-2.111400	0.000000	0.032393	0.045350	-0.139539	2.491770	-1.993416	-3.986833
4.740000	-2.110500	0.000000	0.032393	0.045350	-0.139539	2.491770	-1.993416	-3.986833
4.750000	-2.109500	0.000000	0.032393	0.045350	-0.139539	2.491770	-1.993416	-3.986833
4.760000	-2.108600	0.000000	0.032393	0.051829	-0.139539	2.491770	-1.993416	-3.986833
4.770000	-2.107500	0.000000	0.025914	0.051829	-0.139539	2.491770	-1.993416	-3.986833
4.780000	-2.106500	0.000000	0.032393	0.051829	-0.139539	2.491770	-1.993416	-3.986833
4.790000	-2.105500	0.000000	0.032393	0.045350	-0.139539	2.491770	-1.993416	-3.986833
4.800000	-2.104500	0.000000	0.032393	0.045350	-0.139539	2.491770	-1.993416	-3.986833
4.810000	-2.103500	0.000000	0.032393	0.051829	-0.139539	2.491770	-1.993416	-3.986833
4.820000	-2.102500	0.000000	0.032393	0.051829	-0.139539	2.491770	-1.993416	-3.986833
4.830000	-2.101500	0.000000	0.032393	0.051829	-0.139539	2.491770	-1.993416	-3.986833
4.840000	-2.100500	0.000000	0.032393	0.051829	-0.139539	2.491770	-1.993416	-3.986833
4.850000	-2.099500	0.000000	0.032393	0.051829	-0.139539	2.491770	-1.993416	-3.986833
4.860000	-2.098600	0.000000	0.032393	0.051829	-0.139539	2.491770	-1.993416	-3.986833
4.870000	-2.097500	0.000000	0.032393	0.051829	-0.139539	2.491770	-1.993416	-3.986833
4.880000	-2.096500	0.000000	0.032393	0.051829	-0.139539	2.491770	-1.993416	-3.986833
4.890000	-2.095500	0.000000	0.032393	0.051829	-0.139539	2.491770	-1.993416	-3.986833
4.900000	-2.094500	0.000000	0.032393	0.051829	-0.139539	2.491770	-1.993416	-3.986833
4.910000	-2.093500	0.000000	0.032393	0.051829	-0.139539	2.491770	-1.993416	-3.986833
4.920000	-2.092500	0.000000	0.032393	0.051829	-0.139539	2.491770	-1.993416	-3.986833
4.930000	-2.091500	0.000000	0.032393	0.051829	-0.139539	2.491770	-1.993416	-3.986833
4.940000	-2.090500	0.000000	0.032393	0.051829	-0.139539	2.491770	-1.993416	-3.986833
4.950000	-2.089600	0.000000	0.032393	0.051829	-0.139539	2.491770	-1.993416	-3.986833
4.960000	-2.088500	0.000000	0.032393	0.051829	-0.139539	2.491770	-1.993416	-3.986833
4.970000	-2.087500	0.000000	0.032393	0.051829	-0.139539	2.491770	-1.993416	-3.986833
4.980000	-2.086500	0.000000	0.032393	0.051829	-0.139539	2.491770	-1.993416	-3.986833
4.990000	-2.085500	0.000000	0.032393	0.051829	-0.139539	2.491770	-1.993416	-3.986833
5.000000	-2.084500	0.000000	0.032393	0.051829	-0.139539	2.491770	-1.993416	-3.986833
5.010000	-2.083500	0.000000	0.032393	0.051829	-0.139539	2.491770	-1.993416	-3.986833
5.020000	-2.082500	0.000000	0.032393	0.051829	-0.139539	2.491770	-1.993416	-3.986833
5.030000	-2.081500	0.000000	0.032393	0.051829	-0.139539	2.491770	-1.993416	-3.986833
5.040000	-2.080500	0.000000	0.032393	0.058307	-0.139539	2.491770	-1.993416	-3.986833
5.050000	-2.079500	0.000000	0.032393	0.051829	-0.139539	2.491770	-1.993416	-3.986833
5.060000	-2.078500	0.000000	0.032393	0.051829	-0.139539	2.491770	-1.993416	-3.986833
5.070000	-2.077500	0.000000	0.032393	0.051829	-0.139539	2.491770	-1.993416	-3.986833
5.080000	-2.076500	0.000000	0.032393	0.058307	-0.159473	2.491770	-1.993416	-3.986833
5.090000	-2.075600	0.000000	0.032393	0.058307	-0.159473	2.491770	-1.993416	-4.485187
5.100000	-2.074500	0.000000	0.032393	0.058307	-0.159473	2.491770	-1.993416	-4.485187
5.110000	-2.073500	0.000000	0.032393	0.051829	-0.159473	2.491770	-1.993416	-4.485187
5.120000	-2.072500	0.000000	0.032393	0.051829	-0.159473	2.491770	-1.993416	-4.485187
5.130000	-2.071500	0.000000	0.032393	0.058307	-0.159473	2.491770	-2.491770	-4.485187
5.140000	-2.070600	0.000000	0.032393	0.058307	-0.159473	2.491770	-2.491770	-4.485187
5.150000	-2.069500	0.000000	0.032393	0.058307	-0.159473	2.491770	-1.993416	-4.485187
5.160000	-2.068500	0.000000	0.032393	0.058307	-0.159473	2.491770	-2.491770	-4.485187
5.170000	-2.067500	0.000000	0.032393	0.058307	-0.159473	2.491770	-2.491770	-4.485187
5.180000	-2.066600	0.000000	0.032393	0.058307	-0.159473	2.491770	-2.491770	-4.485187
5.190000	-2.065500	0.000000	0.032393	0.058307	-0.159473	2.491770	-2.491770	-4.485187
5.200000	-2.064500	0.000000	0.032393	0.058307	-0.159473	2.491770	-2.491770	-4.485187
5.210000	-2.063500	0.000000	0.032393	0.058307	-0.159473	2.491770	-2.491770	-4.485187
5.220000	-2.062500	0.000000	0.032393	0.058307	-0.159473	2.491770	-2.491770	-4.485187
5.230000	-2.061500	0.000000	0.032393	0.058307	-0.159473	2.491770	-2.491770	-4.485187
5.240000	-2.060500	0.000000	0.032393	0.058307	-0.159473	2.491770	-2.491770	-4.485187
5.250000	-2.059600	0.000000	0.032393	0.058307	-0.159473	2.491770	-2.491770	-4.485187
5.260000	-2.058500	0.000000	0.032393	0.058307	-0.159473	2.491770	-2.491770	-4.485187
5.270000	-2.057500	0.000000	0.032393	0.058307	-0.159473	2.491770	-2.491770	-4.485187
5.280000	-2.056500	0.000000	0.032393	0.058307	-0.159473	2.491770	-2.491770	-4.485187
5.290000	-2.055500	0.000000	0.032393	0.058307	-0.159473	2.491770	-2.491770	-4.485187
5.300000	-2.054600	0.000000	0.032393	0.058307	-0.159473	2.491770	-2.491770	-4.485187
5.310000	-2.053500	0.000000	0.032393	0.058307	-0.159473	2.491770	-2.491770	-4.485187
5.320000	-2.052500	0.000000	0.032393	0.058307	-0.159473	2.491770	-2.491770	-4.485187
5.330000	-2.051500	0.000000	0.032393	0.058307	-0.159473	2.491770	-2.491770	-4.485187
5.340000	-2.050500	0.000000	0.032393	0.058307	-0.159473	2.990125	-2.491770	-4.485187
5.350000	-2.049500	0.000000	0.032393	0.058307	-0.159473	2.990125	-2.491770	-4.485187
5.360000	-2.048500	0.000000	0.038872	0.058307	-0.159473	2.990125	-2.491770	-4.485187
5.370000	-2.047500	0.000000	0.038872	0.058307	-0.159473	2.491770	-2.491770	-4.485187
5.380000	-2.046500	0.000000	0.038872	0.058307	-0.159473	2.491770	-2.491770	-4.485187
5.390000	-2.045600	0.000000	0.038872	0.058307	-0.159473	2.491770	-2.491770	-4.485187
5.400000	-2.044600	0.000000	0.038872	0.058307	-0.159473	2.491770	-2.491770	-4.485187
5.410000	-2.043600	0.000000	0.032393	0.058307	-0.159473	2.491770	-2.491770	-4.485187
5.420000	-2.042500	0.000000	0.032393	0.058307	-0.159473	2.491770	-2.491770	-4.485187
5.430000	-2.041500	0.000000	0.032393	0.058307	-0.159473	2.990125	-2.491770	-4.485187
5.440000	-2.040500	0.000000	0.032393	0.058307	-0.159473	2.990125	-2.491770	-4.485187
5.450000	-2.039500	0.000000	0.038872	0.058307	-0.179407	2.990125	-2.491770	-4.485187
5.460000	-2.038600	0.000000	0.038872	0.058307	-0.179407	2.990125	-2.491770	-4.485187
5.470000	-2.037600	0.000000	0.032393	0.058307	-0.179407	2.990125	-2.491770	-4.485187
5.480000	-2.036500	0.000000	0.032393	0.058307	-0.179407	2.990125	-2.491770	-4.485187
5.490000	-2.035500	0.000000	0.038872	0.058307	-0.179407	2.990125	-2.491770	-4.485187
5.500000	-2.034500	0.000000	0.038872	0.064786	-0.179407	2.990125	-2.491770	-4.485187
5.510000	-2.033500	0.000000	0.038872	0.058307	-0.179407	2.990125	-2.491770	-4.485187
5.520000	-2.032500	0.000000	0.032393	0.058307	-0.179407	2.990125	-2.491770	-4.485187
5.530000	-2.031600	0.000000	0.038872	0.058307	-0.179407	2.990125	-2.491770	-4.485187
5.540000	-2.030500	0.000000	0.038872	0.058307	-0.179407	2.990125	-2.491770	-4.485187
5.550000	-2.029600	0.000000	0.038872	0.058307	-0.179407	2.990125	-2.491770	-4.485187
5.560000	-2.028500	0.000000	0.032393	0.058307	-0.179407	2.990125	-2.491770	-4.485187
5.570000	-2.027500	0.000000	0.032393	0.064786	-0.179407	2.990125	-2.491770	-4.485187
5.580000	-2.026500	0.000000	0.038872	0.058307	-0.179407	2.990125	-2.491770	-4.485187
5.590000	-2.025500	0.000000	0.038872	0.058307	-0.179407	2.990125	-2.491770	-4.485187
5.600000	-2.024600	0.000000	0.038872	0.058307	-0.179407	2.990125	-2.491770	-4.485187
5.610000	-2.023600	0.000000	0.038872	0.058307	-0.179407	2.990125	-2.491770	-4.485187
5.620000	-2.022500	0.000000	0.038872	0.064786	-0.179407	2.990125	-2.491770	-4.485187
5.630000	-2.021600	0.000000	0.038872	0.058307	-0.179407	2.990125	-2.491770	-4.485187
5.640000	-2.020500	0.000000	0.032393	0.058307	-0.179407	2.990125	-2.491770	-4.485187
5.650000	-2.019500	0.000000	0.032393	0.058307	-0.179407	2.990125	-2.491770	-4.485187
5.660000	-2.018600	0.000000	0.038872	0.058307	-0.179407	2.990125	-2.491770	-4.485187
5.670000	-2.017600	0.000000	0.038872	0.064786	-0.179407	2.990125	-2.491770	-4.485187
5.680000	-2.016600	0.000000	0.038872	0.058307	-0.179407	2.990125	-2.491770	-4.485187
5.690000	-2.015500	0.000000	0.038872	0.058307	-0.179407	2.990125	-2.491770	-4.485187
5.700000	-2.014600	0.000000	0.038872	0.058307	-0.179407	2.990125	-2.491770	-4.485187
5.710000	-2.013600	0.000000	0.032393	0.058307	-0.179407	2.990125	-2.491770	-4.485187
5.720000	-2.012600	0.000000	0.038872	0.058307	-0.179407	2.990125	-2.491770	-4.485187
5.730000	-2.011500	0.000000	0.038872	0.058307	-0.179407	2.990125	-2.491770	-4.485187
5.740000	-2.010500	0.000000	0.032393	0.058307	-0.179407	2.990125	-2.491770	-4.485187
5.750000	-2.009600	0.000000	0.032393	0.058307	-0.179407	2.990125	-2.491770	-4.485187
5.760000	-2.008500	0.000000	0.032393	0.058307	-0.179407	2.990125	-2.491770	-4.485187
5.770000	-2.007600	0.000000	0.032393	0.058307	-0.179407	2.990125	-2.491770	-4.485187
5.780000	-2.006500	0.000000	0.032393	0.058307	-0.179407	2.990125	-2.491770	-4.485187
5.790000	-2.005500	0.000000	0.038872	0.058307	-0.179407	2.990125	-2.491770	-4.485187
5.800000	-2.004400	0.000000	0.032393	0.058307	-0.199342	2.990125	-2.491770	-4.485187
5.810000	-2.003500	0.000000	0.032393	0.058307	-0.199342	2.990125	-2.491770	-4.485187
5.820000	-2.002500	0.000000	0.032393	0.058307	-0.199342	2.990125	-2.491770	-4.485187
5.830000	-2.001500	0.000000	0.032393	0.058307	-0.199342	2.990125	-2.491770	-4.485187
5.840000	-2.000600	0.000000	0.038872	0.058307	-0.199342	2.990125	-2.491770	-4.485187
5.850000	-1.999500	0.000000	0.038872	0.058307	-0.199342	2.990125	-2.491770	-4.485187
5.860000	-1.998600	0.000000	0.038872	0.058307	-0.199342	2.990125	-2.491770	-4.485187
5.870000	-1.997500	0.000000	0.032393	0.064786	-0.199342	2.990125	-2.491770	-4.485187
5.880000	-1.996500	0.000000	0.032393	0.064786	-0.199342	2.990125	-2.491770	-4.485187
5.890000	-1.995500	0.000000	0.032393	0.058307	-0.199342	2.990125	-2.491770	-4.485187
5.900000	-1.994600	0.000000	0.038872	0.058307	-0.199342	2.990125	-2.491770	-4.485187
5.910000	-1.993600	0.000000	0.038872	0.058307	-0.199342	2.990125	-2.491770	-4.485187
5.920000	-1.992600	0.000000	0.032393	0.058307	-0.199342	2.990125	-2.491770	-4.485187
5.930000	-1.991500	0.000000	0.032393	0.058307	-0.199342	2.990125	-2.491770	-4.485187
5.940000	-1.990500	0.000000	0.032393	0.058307	-0.199342	2.990125	-2.491770	-4.485187
5.950000	-1.989500	0.000000	0.038872	0.058307	-0.199342	2.990125	-2.491770	-4.485187
5.960000	-1.988800	0.000000	0.038872	0.058307	-0.199342	2.990125	-2.491770	-4.485187
5.970000	-1.988100	0.000000	0.032393	0.058307	-0.199342	2.990125	-2.491770	-4.485187
5.980000	-1.987600	0.000000	0.032393	0.058307	-0.199342	2.990125	-2.491770	-4.485187
5.990000	-1.987300	0.000000	0.032393	0.058307	-0.199342	2.990125	-2.491770	-4.485187
6.000000	-1.987200	0.000000	0.032393	0.058307	-0.199342	2.990125	-2.491770	-4.485187
6.010000	-1.987100	0.000000	0.032393	0.058307	-0.199342	2.990125	-2.491770	-4.485187
6.020000	-1.987100	0.000000	0.032393	0.058307	-0.199342	2.990125	-2.491770	-4.485187
6.030000	-1.987100	0.000000	0.032393	0.058307	-0.199342	2.990125	-2.491770	-4.485187
6.040000	-1.987100	0.000000	0.032393	0.058307	-0.199342	2.990125	-2.491770	-4.485187
6.050000	-1.987100	0.000000	0.032393	0.051829	-0.179407	2.491770	-2.491770	-4.485187
6.060000	-1.987100	0.000000	0.032393	0.051829	-0.179407	2.491770	-2.491770	-3.986833
6.070000	-1.988200	0.000000	0.032393	0.058307	-0.179407	2.491770	-2.491770	-3.986833
6.080000	-1.991300	0.000000	0.032393	0.051829	-0.179407	2.491770	-2.491770	-3.986833
6.090000	-1.992600	0.000000	0.032393	0.051829	-0.179407	2.491770	-2.491770	-3.986833
6.100000	-1.993400	0.000000	0.032393	0.051829	-0.159473	2.491770	-2.491770	-3.986833
6.110000	-1.995000	0.000000	0.032393	0.051829	-0.159473	2.491770	-2.491770	-3.986833
6.120000	-1.996500	0.000000	0.032393	0.045350	-0.159473	2.491770	-2.491770	-3.986833
6.130000	-1.997400	0.000000	0.032393	0.045350	-0.159473	2.491770	-1.993416	-3.488479
6.140000	-1.998300	0.000000	0.032393	0.045350	-0.139539	2.491770	-1.993416	-3.488479
6.150000	-1.999100	0.000000	0.032393	0.045350	-0.139539	2.491770	-1.993416	-3.488479
6.160000	-2.000300	0.000000	0.032393	0.045350	-0.139539	2.491770	-1.993416	-3.488479
6.170000	-2.001400	0.000000	0.032393	0.045350	-0.139539	2.491770	-1.993416	-3.488479
6.180000	-2.002400	0.000000	0.032393	0.045350	-0.139539	2.491770	-1.993416	-3.488479
6.190000	-2.003300	0.000000	0.032393	0.038872	-0.139539	1.993416	-1.993416	-3.488479
6.200000	-2.004300	0.000000	0.032393	0.038872	-0.119605	1.993416	-1.993416	-3.488479
6.210000	-2.005300	0.000000	0.032393	0.038872	-0.119605	1.993416	-1.993416	-3.488479
6.220000	-2.006200	0.000000	0.032393	0.038872	-0.119605	1.993416	-1.993416	-2.990125
6.230000	-2.007300	0.000000	0.032393	0.038872	-0.119605	1.993416	-1.993416	-2.990125
6.240000	-2.008300	0.000000	0.032393	0.038872	-0.119605	1.993416	-1.993416	-2.990125
6.250000	-2.009300	0.000000	0.025914	0.038872	-0.119605	1.993416	-1.993416	-2.990125
6.260000	-2.010200	0.000000	0.032393	0.032393	-0.119605	1.993416	-1.993416	-2.990125
6.270000	-2.011200	0.000000	0.032393	0.038872	-0.119605	1.993416	-1.993416	-2.990125
6.280000	-2.012300	0.000000	0.032393	0.032393	-0.119605	1.993416	-1.993416	-2.990125
6.290000	-2.013300	0.000000	0.025914	0.032393	-0.119605	1.993416	-1.993416	-2.990125
6.300000	-2.014300	0.000000	0.025914	0.032393	-0.099671	1.993416	-1.993416	-2.990125
6.310000	-2.015200	0.000000	0.025914	0.032393	-0.099671	1.993416	-1.993416	-2.990125
6.320000	-2.016200	0.000000	0.025914	0.032393	-0.099671	1.993416	-1.993416	-2.491770
6.330000	-2.017200	0.000000	0.025914	0.032393	-0.099671	1.993416	-1.993416	-2.491770
6.340000	-2.018400	0.000000	0.025914	0.032393	-0.099671	1.993416	-1.993416	-2.491770
6.350000	-2.019400	0.000000	0.025914	0.032393	-0.099671	1.993416	-1.993416	-2.491770
6.360000	-2.020400	0.000000	0.025914	0.032393	-0.099671	1.993416	-1.993416	-2.491770
6.370000	-2.021300	0.000000	0.025914	0.025914	-0.099671	1.993416	-1.993416	-2.491770
6.380000	-2.022300	0.000000	0.025914	0.025914	-0.099671	1.495062	-1.495062	-2.491770
6.390000	-2.023400	0.000000	0.025914	0.025914	-0.099671	1.993416	-1.495062	-2.491770
6.400000	-2.024300	0.000000	0.025914	0.025914	-0.099671	1.993416	-1.495062	-2.491770
6.410000	-2.025300	0.000000	0.025914	0.025914	-0.079737	1.495062	-1.495062	-2.491770
6.420000	-2.026400	0.000000	0.025914	0.025914	-0.079737	1.495062	-1.495062	-2.491770
6.430000	-2.027300	0.000000	0.025914	0.025914	-0.079737	1.495062	-1.495062	-1.993416
6.440000	-2.028300	0.000000	0.025914	0.025914	-0.079737	1.495062	-1.495062	-1.993416
6.450000	-2.029200	0.000000	0.025914	0.025914	-0.079737	1.495062	-1.495062	-1.993416
6.460000	-2.030300	0.000000	0.025914	0.025914	-0.079737	1.495062	-1.495062	-1.993416
6.470000	-2.031300	0.000000	0.025914	0.019436	-0.079737	1.495062	-1.495062	-1.993416
6.480000	-2.032300	0.000000	0.025914	0.019436	-0.079737	1.495062	-1.495062	-1.993416
6.490000	-2.033300	0.000000	0.025914	0.019436	-0.079737	1.495062	-1.495062	-1.993416
6.500000	-2.034300	0.000000	0.025914	0.019436	-0.079737	1.495062	-1.495062	-1.993416
6.510000	-2.035300	0.000000	0.025914	0.019436	-0.079737	1.495062	-1.495062	-1.993416
6.520000	-2.036300	0.000000	0.025914	0.019436	-0.079737	1.495062	-1.495062	-1.993416
6.530000	-2.037300	0.000000	0.025914	0.019436	-0.079737	1.495062	-1.495062	-1.993416
6.540000	-2.038300	0.000000	0.025914	0.019436	-0.079737	1.495062	-1.495062	-1.993416
6.550000	-2.039300	0.000000	0.025914	0.019436	-0.059802	1.495062	-1.495062	-1.495062
6.560000	-2.040300	0.000000	0.019436	0.019436	-0.059802	1.495062	-1.495062	-1.495062
6.570000	-2.041300	0.000000	0.025914	0.012957	-0.059802	1.495062	-1.495062	-1.495062
6.580000	-2.042300	0.000000	0.025914	0.012957	-0.059802	1.495062	-1.495062	-1.495062
6.590000	-2.043300	0.000000	0.025914	0.012957	-0.059802	1.495062	-1.495062	-1.495062
6.600000	-2.044300	0.000000	0.019436	0.012957	-0.059802	1.495062	-1.495062	-1.495062
6.610000	-2.045300	0.000000	0.019436	0.012957	-0.059802	1.495062	-1.495062	-1.495062
6.620000	-2.046300	0.000000	0.019436	0.012957	-0.059802	0.996708	-1.495062	-1.495062
6.630000	-2.047300	0.000000	0.019436	0.012957	-0.059802	0.996708	-1.495062	-1.495062
6.640000	-2.048300	0.000000	0.019436	0.012957	-0.059802	1.495062	-1.495062	-1.495062
6.650000	-2.049300	0.000000	0.019436	0.012957	-0.059802	1.495062	-1.495062	-1.495062
6.660000	-2.050300	0.000000	0.019436	0.012957	-0.059802	0.996708	-0.996708	-1.495062
6.670000	-2.051300	0.000000	0.019436	0.012957	-0.059802	0.996708	-0.996708	-1.495062
6.680000	-2.052200	0.000000	0.019436	0.006479	-0.059802	0.996708	-0.996708	-1.495062
6.690000	-2.053300	0.000000	0.019436	0.006479	-0.059802	0.996708	-0.996708	-0.996708
6.700000	-2.054300	0.000000	0.019436	0.006479	-0.059802	0.996708	-0.996708	-0.996708
6.710000	-2.055200	0.000000	0.019436	0.012957	-0.059802	0.996708	-0.996708	-0.996708
6.720000	-2.056100	0.000000	0.019436	0.006479	-0.059802	0.996708	-0.996708	-0.996708
6.730000	-2.057300	0.000000	0.019436	0.006479	-0.039868	0.996708	-0.996708	-0.996708
6.740000	-2.058300	0.000000	0.019436	0.006479	-0.039868	0.996708	-0.996708	-0.996708
6.750000	-2.059200	0.000000	0.019436	0.006479	-0.039868	0.996708	-0.996708	-0.996708
6.760000	-2.060300	0.000000	0.019436	0.006479	-0.039868	0.996708	-0.996708	-0.996708
6.770000	-2.061300	0.000000	0.019436	0.006479	-0.039868	0.996708	-0.996708	-0.996708
6.780000	-2.062300	0.000000	0.019436	0.006479	-0.039868	0.996708	-0.996708	-0.996708
6.790000	-2.063200	0.000000	0.019436	0.006479	-0.039868	0.996708	-0.996708	-0.996708
6.800000	-2.064200	0.000000	0.019436	0.006479	-0.039868	0.996708	-0.996708	-0.996708
6.810000	-2.065300	0.000000	0.019436	0.006479	-0.039868	0.996708	-0.996708	-0.996708
6.820000	-2.066300	0.000000	0.019436	0.006479	-0.039868	0.996708	-0.996708	-0.996708
6.830000	-2.067200	0.000000	0.019436	0.000000	-0.039868	0.996708	-0.996708	-0.498354
6.840000	-2.068300	0.000000	0.019436	0.000000	-0.039868	0.996708	-0.996708	-0.498354
6.850000	-2.069400	0.000000	0.012957	0.000000	-0.039868	0.996708	-0.996708	-0.498354
6.860000	-2.070300	0.000000	0.012957	0.000000	-0.039868	0.996708	-0.996708	-0.498354
6.870000	-2.071400	0.000000	0.019436	0.000000	-0.039868	0.996708	-0.996708	-0.498354
6.880000	-2.072300	0.000000	0.012957	0.000000	-0.039868	0.996708	-0.996708	-0.498354
6.890000	-2.073200	0.000000	0.012957	0.000000	-0.039868	0.996708	-0.996708	-0.498354
6.900000	-2.074200	0.000000	0.012957	0.000000	-0.039868	0.498354	-0.996708	-0.498354
6.910000	-2.075300	0.000000	0.012957	0.000000	-0.039868	0.498354	-0.996708	-0.498354
6.920000	-2.076300	0.000000	0.012957	0.000000	-0.039868	0.996708	-0.996708	-0.498354
6.930000	-2.077300	0.000000	0.012957	0.000000	-0.019934	0.498354	-0.996708	-0.498354
6.940000	-2.078200	0.000000	0.012957	0.000000	-0.019934	0.498354	-0.498354	-0.498354
6.950000	-2.079200	0.000000	0.012957	-0.006479	-0.019934	0.498354	-0.498354	-0.498354
6.960000	-2.080500	0.000000	0.012957	-0.006479	-0.019934	0.498354	-0.498354	-0.498354
6.970000	-2.081400	0.000000	0.012957	-0.006479	-0.019934	0.498354	-0.498354	0.000000
6.980000	-2.082200	0.000000	0.012957	-0.006479	-0.019934	0.498354	-0.498354	0.000000
6.990000	-2.083200	0.000000	0.012957	-0.006479	-0.019934	0.498354	-0.498354	0.000000
7.000000	-2.084300	0.000000	0.012957	-0.006479	-0.019934	0.498354	-0.498354	0.000000
7.010000	-2.085400	0.000000	0.012957	-0.006479	-0.019934	0.498354	-0.498354	0.000000
7.020000	-2.086200	0.000000	0.012957	-0.006479	-0.019934	0.498354	-0.498354	0.000000
7.030000	-2.087200	0.000000	0.012957	-0.006479	-0.019934	0.498354	-0.498354	0.000000
7.040000	-2.088300	0.000000	0.012957	-0.006479	-0.019934	0.498354	-0.498354	0.000000
7.050000	-2.089300	0.000000	0.012957	-0.006479	-0.019934	0.498354	-0.498354	0.000000
7.060000	-2.090400	0.000000	0.012957	-0.006479	-0.019934	0.498354	-0.498354	0.000000
7.070000	-2.091300	0.000000	0.012957	-0.006479	-0.019934	0.498354	-0.498354	0.000000
7.080000	-2.092200	0.000000	0.012957	-0.006479	-0.019934	0.498354	-0.498354	0.000000
7.090000	-2.093200	0.000000	0.012957	-0.012957	-0.019934	0.498354	-0.498354	0.000000
7.100000	-2.094200	0.000000	0.012957	-0.012957	-0.019934	0.498354	-0.498354	0.000000
7.110000	-2.095200	0.000000	0.012957	-0.012957	-0.019934	0.498354	-0.498354	0.000000
7.120000	-2.096300	0.000000	0.012957	-0.012957	-0.019934	0.498354	-0.498354	0.000000
7.130000	-2.097300	0.000000	0.012957	-0.012957	-0.019934	0.498354	-0.498354	0.498354
7.140000	-2.098300	0.000000	0.006479	-0.012957	-0.019934	0.498354	-0.498354	0.498354
7.150000	-2.099400	0.000000	0.012957	-0.012957	-0.019934	0.498354	-0.498354	0.498354
7.160000	-2.100400	0.000000	0.012957	-0.012957	-0.019934	0.498354	-0.498354	0.498354
7.170000	-2.101300	0.000000	0.012957	-0.012957	-0.019934	0.498354	-0.498354	0.498354
7.180000	-2.102300	0.000000	0.006479	-0.012957	-0.019934	0.498354	-0.498354	0.498354
7.190000	-2.103300	0.000000	0.006479	-0.012957	-0.019934	0.000000	-0.498354	0.498354
7.200000	-2.104300	0.000000	0.006479	-0.012957	-0.019934	0.000000	-0.498354	0.498354
7.210000	-2.105300	0.000000	0.012957	-0.012957	-0.019934	0.000000	-0.498354	0.498354
7.220000	-2.106300	0.000000	0.006479	-0.019436	-0.019934	0.000000	-0.498354	0.498354
7.230000	-2.107300	0.000000	0.006479	-0.019436	0.000000	0.000000	0.000000	0.498354
7.240000	-2.108200	0.000000	0.006479	-0.019436	0.000000	0.000000	0.000000	0.498354
7.250000	-2.109300	0.000000	0.006479	-0.019436	0.000000	0.000000	0.000000	0.498354
7.260000	-2.110300	0.000000	0.006479	-0.019436	0.000000	0.000000	0.000000	0.498354
7.270000	-2.111300	0.000000	0.006479	-0.019436	0.000000	0.000000	0.000000	0.498354
7.280000	-2.112300	0.000000	0.006479	-0.019436	0.000000	0.000000	0.000000	0.996708
7.290000	-2.113300	0.000000	0.006479	-0.019436	0.000000	0.000000	0.000000	0.996708
7.300000	-2.114300	0.000000	0.006479	-0.019436	0.000000	0.000000	0.000000	0.996708
7.310000	-2.115200	0.000000	0.006479	-0.019436	0.000000	0.000000	0.000000	0.996708
7.320000	-2.116200	0.000000	0.006479	-0.019436	0.000000	0.000000	0.000000	0.996708
7.330000	-2.117200	0.000000	0.006479	-0.019436	0.000000	0.000000	0.000000	0.996708
7.340000	-2.117800	0.000000	0.006479	-0.019436	0.000000	0.000000	0.000000	0.996708
7.350000	-2.119100	0.000000	0.006479	-0.019436	0.000000	0.000000	0.000000	0.996708
7.360000	-2.120400	0.000000	0.006479	-0.025914	0.000000	0.000000	0.000000	0.996708
7.370000	-2.121500	0.000000	0.006479	-0.025914	0.000000	0.000000	0.000000	0.996708
7.380000	-2.122200	0.000000	0.006479	-0.025914	0.000000	0.000000	0.000000	0.996708
7.390000	-2.123300	0.000000	0.006479	-0.025914	0.000000	0.000000	0.000000	0.996708
7.400000	-2.124500	0.000000	0.006479	-0.025914	0.000000	0.000000	0.000000	0.996708
7.410000	-2.125300	0.000000	0.006479	-0.025914	0.000000	0.000000	0.000000	0.996708
7.420000	-2.126400	0.000000	0.006479	-0.025914	0.000000	0.000000	0.000000	0.996708
7.430000	-2.127400	0.000000	0.006479	-0.025914	0.000000	0.000000	0.000000	0.996708
7.440000	-2.128300	0.000000	0.006479	-0.025914	0.000000	0.000000	0.000000	1.495062
7.450000	-2.129300	0.000000	0.006479	-0.025914	0.000000	0.000000	0.000000	1.495062
7.460000	-2.130400	0.000000	0.006479	-0.025914	0.000000	0.000000	0.000000	1.495062
7.470000	-2.131200	0.000000	0.006479	-0.032393	0.000000	0.000000	0.000000	1.495062
7.480000	-2.132300	0.000000	0.006479	-0.025914	0.000000	0.000000	0.000000	1.495062
7.490000	-2.133200	0.000000	0.000000	-0.025914	0.000000	0.000000	0.000000	1.495062
7.500000	-2.134100	0.000000	0.000000	-0.032393	0.000000	0.000000	0.498354	1.495062
7.510000	-2.135300	0.000000	0.000000	-0.032393	0.000000	-0.498354	0.000000	1.495062
7.520000	-2.136300	0.000000	0.006479	-0.032393	0.000000	-0.498354	0.000000	1.495062
7.530000	-2.137300	0.000000	0.006479	-0.032393	0.000000	-0.498354	0.000000	1.495062
7.540000	-2.138200	0.000000	0.000000	-0.032393	0.000000	-0.498354	0.498354	1.495062
7.550000	-2.139100	0.000000	0.000000	-0.032393	0.000000	-0.498354	0.498354	1.495062
7.560000	-2.140300	0.000000	0.000000	-0.032393	0.000000	-0.498354	0.498354	1.495062
7.570000	-2.141300	0.000000	0.000000	-0.032393	0.000000	-0.498354	0.498354	1.495062
7.580000	-2.142400	0.000000	0.006479	-0.032393	0.000000	-0.498354	0.498354	1.495062
7.590000	-2.143100	0.000000	0.000000	-0.032393	0.000000	-0.498354	0.498354	1.495062
7.600000	-2.144200	0.000000	0.000000	-0.032393	0.000000	-0.498354	0.498354	1.495062
7.610000	-2.145300	0.000000	0.000000	-0.032393	0.000000	-0.498354	0.498354	1.993416
7.620000	-2.146600	0.000000	0.000000	-0.032393	0.019934	-0.498354	0.498354	1.993416
7.630000	-2.147400	0.000000	0.000000	-0.038872	0.019934	-0.498354	0.498354	1.993416
7.640000	-2.148300	0.000000	0.000000	-0.038872	0.019934	-0.498354	0.498354	1.993416
7.650000	-2.149400	0.000000	0.000000	-0.038872	0.019934	-0.498354	0.498354	1.993416
7.660000	-2.150500	0.000000	0.000000	-0.038872	0.019934	-0.498354	0.498354	1.993416
7.670000	-2.151600	0.000000	0.000000	-0.038872	0.019934	-0.498354	0.498354	1.993416
7.680000	-2.152500	0.000000	0.000000	-0.038872	0.019934	-0.498354	0.498354	1.993416
7.690000	-2.153200	0.000000	0.000000	-0.038872	0.019934	-0.498354	0.498354	1.993416
7.700000	-2.154300	0.000000	0.000000	-0.038872	0.019934	-0.498354	0.498354	1.993416
7.710000	-2.155300	0.000000	0.000000	-0.038872	0.019934	-0.498354	0.498354	1.993416
7.720000	-2.156300	0.000000	0.000000	-0.038872	0.019934	-0.498354	0.498354	1.993416
7.730000	-2.157300	0.000000	0.000000	-0.038872	0.019934	-0.498354	0.498354	1.993416
7.740000	-2.158300	0.000000	0.000000	-0.038872	0.019934	-0.498354	0.498354	1.993416
7.750000	-2.159200	0.000000	0.000000	-0.038872	0.019934	-0.498354	0.498354	1.993416
7.760000	-2.160300	0.000000	0.000000	-0.038872	0.019934	-0.498354	0.498354	2.491770
7.770000	-2.161200	0.000000	0.000000	-0.045350	0.019934	-0.498354	0.498354	2.491770
7.780000	-2.162200	0.000000	0.000000	-0.045350	0.019934	-0.498354	0.498354	2.491770
7.790000	-2.163300	0.000000	0.000000	-0.045350	0.019934	-0.498354	0.498354	2.491770
7.800000	-2.164200	0.000000	0.000000	-0.045350	0.019934	-0.498354	0.498354	2.491770
7.810000	-2.165400	0.000000	0.000000	-0.045350	0.019934	-0.498354	0.498354	2.491770
7.820000	-2.166400	0.000000	0.000000	-0.045350	0.019934	-0.498354	0.498354	2.491770
7.830000	-2.167300	0.000000	-0.006479	-0.045350	0.019934	-0.996708	0.996708	2.491770
7.840000	-2.168300	0.000000	0.000000	-0.045350	0.019934	-0.996708	0.996708	2.491770
7.850000	-2.169300	0.000000	0.000000	-0.045350	0.019934	-0.996708	0.996708	2.491770
7.860000	-2.170300	0.000000	-0.006479	-0.045350	0.019934	-0.996708	0.996708	2.491770
7.870000	-2.171300	0.000000	-0.006479	-0.045350	0.019934	-0.996708	0.996708	2.491770
7.880000	-2.172300	0.000000	-0.006479	-0.045350	0.019934	-0.996708	0.996708	2.491770
7.890000	-2.173300	0.000000	-0.006479	-0.051829	0.019934	-0.996708	0.996708	2.491770
7.900000	-2.174300	0.000000	-0.006479	-0.051829	0.019934	-0.996708	0.996708	2.491770
7.910000	-2.175400	0.000000	-0.006479	-0.051829	0.019934	-0.996708	0.996708	2.491770
7.920000	-2.176300	0.000000	-0.006479	-0.045350	0.019934	-0.996708	0.996708	2.491770
7.930000	-2.177300	0.000000	-0.006479	-0.051829	0.019934	-0.996708	0.996708	2.990125
7.940000	-2.178300	0.000000	-0.006479	-0.051829	0.019934	-0.996708	0.996708	2.990125
7.950000	-2.179300	0.000000	-0.006479	-0.051829	0.019934	-0.996708	0.996708	2.990125
7.960000	-2.180400	0.000000	-0.006479	-0.051829	0.019934	-0.996708	0.996708	2.990125
7.970000	-2.181300	0.000000	-0.006479	-0.051829	0.019934	-0.996708	0.996708	2.990125
7.980000	-2.182300	0.000000	-0.006479	-0.051829	0.019934	-0.996708	0.996708	2.990125
7.990000	-2.183300	0.000000	-0.006479	-0.051829	0.019934	-0.996708	0.996708	2.990125
8.000000	-2.184300	0.000000	-0.006479	-0.051829	0.019934	-0.996708	0.996708	2.990125
8.010000	-2.185300	0.000000	-0.006479	-0.051829	0.019934	-0.996708	0.996708	2.990125
8.020000	-2.186300	0.000000	-0.006479	-0.051829	0.019934	-0.996708	0.996708	2.990125
8.030000	-2.187300	0.000000	-0.006479	-0.051829	0.019934	-0.996708	0.996708	2.990125
8.040000	-2.188300	0.000000	-0.006479	-0.058307	0.019934	-0.996708	0.996708	2.990125
8.050000	-2.189300	0.000000	-0.006479	-0.058307	0.019934	-0.996708	0.996708	2.990125
8.060000	-2.190300	0.000000	-0.006479	-0.051829	0.019934	-0.996708	0.996708	2.990125
8.070000	-2.191300	0.000000	-0.006479	-0.051829	0.019934	-0.996708	0.996708	2.990125
8.080000	-2.192300	0.000000	-0.006479	-0.058307	0.019934	-0.996708	0.996708	2.990125
8.090000	-2.193200	0.000000	-0.006479	-0.058307	0.019934	-0.996708	0.996708	3.488479
8.100000	-2.194200	0.000000	-0.006479	-0.058307	0.019934	-0.996708	0.996708	3.488479
8.110000	-2.195400	0.000000	-0.006479	-0.058307	0.019934	-0.996708	0.996708	3.488479
8.120000	-2.196300	0.000000	-0.006479	-0.058307	0.019934	-0.996708	1.495062	3.488479
8.130000	-2.197200	0.000000	-0.012957	-0.058307	0.019934	-0.996708	1.495062	3.488479
8.140000	-2.198300	0.000000	-0.012957	-0.058307	0.019934	-1.495062	1.495062	3.488479
8.150000	-2.199300	0.000000	-0.006479	-0.058307	0.019934	-1.495062	1.495062	3.488479
8.160000	-2.200300	0.000000	-0.006479	-0.058307	0.019934	-1.495062	1.495062	3.488479
8.170000	-2.201300	0.000000	-0.012957	-0.058307	0.019934	-0.996708	1.495062	3.488479
8.180000	-2.202300	0.000000	-0.012957	-0.058307	0.019934	-1.495062	1.495062	3.488479
8.190000	-2.203300	0.000000	-0.012957	-0.064786	0.019934	-1.495062	1.495062	3.488479
8.200000	-2.204200	0.000000	-0.012957	-0.064786	0.039868	-1.495062	1.495062	3.488479
8.210000	-2.205300	0.000000	-0.006479	-0.064786	0.039868	-1.495062	1.495062	3.488479
8.220000	-2.206300	0.000000	-0.012957	-0.064786	0.019934	-1.495062	1.495062	3.488479
8.230000	-2.207300	0.000000	-0.012957	-0.064786	0.039868	-1.495062	1.495062	3.488479
8.240000	-2.208300	0.000000	-0.012957	-0.064786	0.039868	-1.495062	1.495062	3.488479
8.250000	-2.209300	0.000000	-0.012957	-0.064786	0.039868	-1.495062	1.495062	3.488479
8.260000	-2.210400	0.000000	-0.012957	-0.064786	0.039868	-1.495062	1.495062	3.488479
8.270000	-2.211400	0.000000	-0.012957	-0.064786	0.039868	-1.495062	1.495062	3.986833
8.280000	-2.212300	0.000000	-0.012957	-0.064786	0.039868	-1.495062	1.495062	3.986833
8.290000	-2.213200	0.000000	-0.012957	-0.064786	0.039868	-1.495062	1.495062	3.986833
8.300000	-2.214200	0.000000	-0.012957	-0.064786	0.039868	-1.495062	1.495062	3.986833
8.310000	-2.215200	0.000000	-0.012957	-0.064786	0.039868	-1.495062	1.495062	3.986833
8.320000	-2.216200	0.000000	-0.012957	-0.064786	0.039868	-1.495062	1.495062	3.986833
8.330000	-2.217300	0.000000	-0.012957	-0.064786	0.039868	-1.495062	1.495062	3.986833
8.340000	-2.218400	0.000000	-0.012957	-0.064786	0.039868	-1.495062	1.495062	3.986833
8.350000	-2.219300	0.000000	-0.012957	-0.071265	0.039868	-1.495062	1.495062	3.986833
8.360000	-2.220300	0.000000	-0.012957	-0.071265	0.039868	-1.495062	1.495062	3.986833
8.370000	-2.221300	0.000000	-0.012957	-0.071265	0.039868	-1.495062	1.495062	3.986833
8.380000	-2.222100	0.000000	-0.012957	-0.071265	0.039868	-1.495062	1.495062	3.986833
8.390000	-2.223200	0.000000	-0.012957	-0.071265	0.039868	-1.495062	1.495062	3.986833
8.400000	-2.224300	0.000000	-0.012957	-0.071265	0.039868	-1.495062	1.993416	3.986833
8.410000	-2.225200	0.000000	-0.012957	-0.071265	0.039868	-1.495062	1.993416	3.986833
8.420000	-2.226200	0.000000	-0.012957	-0.071265	0.039868	-1.495062	1.993416	3.986833
8.430000	-2.227400	0.000000	-0.012957	-0.071265	0.039868	-1.495062	1.993416	3.986833
8.440000	-2.228300	0.000000	-0.012957	-0.071265	0.039868	-1.495062	1.993416	3.986833
8.450000	-2.229200	0.000000	-0.012957	-0.071265	0.039868	-1.495062	1.993416	4.485187
8.460000	-2.230300	0.000000	-0.012957	-0.071265	0.039868	-1.495062	1.993416	4.485187
8.470000	-2.231400	0.000000	-0.019436	-0.071265	0.039868	-1.495062	1.993416	4.485187
8.480000	-2.232300	0.000000	-0.019436	-0.071265	0.039868	-1.993416	1.993416	4.485187
8.490000	-2.233300	0.000000	-0.019436	-0.071265	0.039868	-1.495062	1.993416	4.485187
8.500000	-2.234200	0.000000	-0.019436	-0.077743	0.039868	-1.993416	1.993416	4.485187
8.510000	-2.235400	0.000000	-0.019436	-0.077743	0.039868	-1.993416	1.993416	4.485187
8.520000	-2.236300	0.000000	-0.019436	-0.077743	0.039868	-1.993416	1.993416	4.485187
8.530000	-2.237300	0.000000	-0.019436	-0.077743	0.039868	-1.993416	1.993416	4.485187
8.540000	-2.238200	0.000000	-0.019436	-0.077743	0.039868	-1.993416	1.993416	4.485187
8.550000	-2.239300	0.000000	-0.019436	-0.077743	0.039868	-1.993416	1.993416	4.485187
8.560000	-2.240300	0.000000	-0.019436	-0.077743	0.039868	-1.993416	1.993416	4.485187
8.570000	-2.241300	0.000000	-0.019436	-0.077743	0.039868	-1.993416	1.993416	4.485187
8.580000	-2.242300	0.000000	-0.019436	-0.077743	0.039868	-1.993416	1.993416	4.485187
8.590000	-2.243300	0.000000	-0.019436	-0.077743	0.039868	-1.993416	1.993416	4.485187
8.600000	-2.244300	0.000000	-0.019436	-0.077743	0.039868	-1.993416	1.993416	4.485187
8.610000	-2.245300	0.000000	-0.019436	-0.077743	0.039868	-1.993416	1.993416	4.485187
8.620000	-2.246200	0.000000	-0.019436	-0.077743	0.039868	-1.993416	1.993416	4.983541
8.630000	-2.247200	0.000000	-0.019436	-0.077743	0.039868	-1.993416	1.993416	4.983541
8.640000	-2.248300	0.000000	-0.019436	-0.077743	0.039868	-1.993416	1.993416	4.983541
8.650000	-2.249300	0.000000	-0.019436	-0.077743	0.039868	-1.993416	1.993416	4.983541
8.660000	-2.250400	0.000000	-0.019436	-0.084222	0.039868	-1.993416	1.993416	4.983541
8.670000	-2.251300	0.000000	-0.019436	-0.084222	0.039868	-1.993416	1.993416	4.983541
8.680000	-2.252300	0.000000	-0.019436	-0.084222	0.039868	-1.993416	1.993416	4.983541
8.690000	-2.253300	0.000000	-0.019436	-0.084222	0.039868	-1.993416	2.491770	4.983541
8.700000	-2.254300	0.000000	-0.019436	-0.084222	0.039868	-1.993416	2.491770	4.983541
8.710000	-2.255300	0.000000	-0.019436	-0.084222	0.039868	-1.993416	2.491770	4.983541
8.720000	-2.256200	0.000000	-0.019436	-0.084222	0.039868	-1.993416	2.491770	4.983541
8.730000	-2.257300	0.000000	-0.019436	-0.084222	0.039868	-1.993416	2.491770	4.983541
8.740000	-2.258200	0.000000	-0.019436	-0.084222	0.039868	-1.993416	2.491770	4.983541
8.750000	-2.259200	0.000000	-0.019436	-0.084222	0.039868	-1.993416	2.491770	4.983541
8.760000	-2.260300	0.000000	-0.019436	-0.084222	0.039868	-1.993416	2.491770	4.983541
8.770000	-2.261300	0.000000	-0.019436	-0.084222	0.039868	-1.993416	2.491770	4.983541
8.780000	-2.262300	0.000000	-0.019436	-0.084222	0.039868	-1.993416	2.491770	4.983541
8.790000	-2.263300	0.000000	-0.025914	-0.084222	0.039868	-1.993416	2.491770	4.983541
8.800000	-2.264300	0.000000	-0.025914	-0.084222	0.039868	-1.993416	2.491770	4.983541
8.810000	-2.265200	0.000000	-0.025914	-0.084222	0.039868	-1.993416	2.491770	4.983541
8.820000	-2.266300	0.000000	-0.025914	-0.090700	0.039868	-1.993416	2.491770	5.481895
8.830000	-2.267300	0.000000	-0.025914	-0.090700	0.039868	-2.491770	2.491770	5.481895
8.840000	-2.268300	0.000000	-0.019436	-0.090700	0.039868	-2.491770	2.491770	5.481895
8.850000	-2.269300	0.000000	-0.025914	-0.090700	0.039868	-1.993416	2.491770	5.481895
8.860000	-2.270200	0.000000	-0.025914	-0.090700	0.039868	-2.491770	2.491770	5.481895
8.870000	-2.271300	0.000000	-0.025914	-0.090700	0.039868	-2.491770	2.491770	5.481895
8.880000	-2.272200	0.000000	-0.025914	-0.090700	0.039868	-2.491770	2.491770	5.481895
8.890000	-2.273200	0.000000	-0.025914	-0.090700	0.039868	-2.491770	2.491770	5.481895
8.900000	-2.274100	0.000000	-0.025914	-0.090700	0.039868	-2.491770	2.491770	5.481895
8.910000	-2.275200	0.000000	-0.025914	-0.090700	0.039868	-2.491770	2.491770	5.481895
8.920000	-2.276300	0.000000	-0.025914	-0.090700	0.039868	-2.491770	2.491770	5.481895
8.930000	-2.277200	0.000000	-0.025914	-0.090700	0.039868	-2.491770	2.491770	5.481895
8.940000	-2.278400	0.000000	-0.025914	-0.097179	0.039868	-2.491770	2.491770	5.481895
8.950000	-2.279100	0.000000	-0.025914	-0.090700	0.039868	-2.491770	2.491770	5.481895
8.960000	-2.280000	0.000000	-0.025914	-0.090700	0.039868	-2.491770	2.491770	5.481895
8.970000	-2.281600	0.000000	-0.025914	-0.090700	0.039868	-2.491770	2.491770	5.481895
8.980000	-2.282400	0.000000	-0.025914	-0.097179	0.039868	-2.491770	2.491770	5.481895
8.990000	-2.283300	0.000000	-0.025914	-0.097179	0.039868	-2.491770	2.491770	5.980249
9.000000	-2.284400	0.000000	-0.025914	-0.097179	0.039868	-2.491770	2.491770	5.980249
9.010000	-2.285200	0.000000	-0.025914	-0.097179	0.039868	-2.491770	2.990125	5.980249
9.020000	-2.286100	0.000000	-0.025914	-0.097179	0.039868	-2.491770	2.990125	5.980249
9.030000	-2.287400	0.000000	-0.025914	-0.097179	0.039868	-2.491770	2.491770	5.980249
9.040000	-2.288300	0.000000	-0.025914	-0.097179	0.039868	-2.491770	2.990125	5.980249
9.050000	-2.289400	0.000000	-0.025914	-0.097179	0.039868	-2.491770	2.990125	5.980249
9.060000	-2.290300	0.000000	-0.025914	-0.097179	0.039868	-2.491770	2.990125	5.980249
9.070000	-2.291300	0.000000	-0.025914	-0.097179	0.039868	-2.491770	2.990125	5.980249
9.080000	-2.292200	0.000000	-0.025914	-0.097179	0.039868	-2.491770	2.990125	5.980249
9.090000	-2.293200	0.000000	-0.025914	-0.097179	0.039868	-2.491770	2.990125	5.980249
9.100000	-2.294100	0.000000	-0.025914	-0.097179	0.039868	-2.491770	2.990125	5.980249
9.110000	-2.295100	0.000000	-0.032393	-0.097179	0.039868	-2.491770	2.990125	5.980249
9.120000	-2.296300	0.000000	-0.032393	-0.097179	0.039868	-2.491770	2.990125	5.980249
9.130000	-2.297500	0.000000	-0.032393	-0.103658	0.039868	-2.491770	2.990125	5.980249
9.140000	-2.298400	0.000000	-0.025914	-0.103658	0.039868	-2.491770	2.990125	5.980249
9.150000	-2.299700	0.000000	-0.032393	-0.103658	0.039868	-2.491770	2.990125	5.980249
9.160000	-2.300500	0.000000	-0.032393	-0.103658	0.039868	-2.491770	2.990125	5.980249
9.170000	-2.301300	0.000000	-0.032393	-0.103658	0.039868	-2.491770	2.990125	5.980249
9.180000	-2.302200	0.000000	-0.032393	-0.103658	0.039868	-2.491770	2.990125	5.980249
9.190000	-2.303200	0.000000	-0.032393	-0.103658	0.039868	-2.990125	2.990125	6.478603
9.200000	-2.304300	0.000000	-0.032393	-0.103658	0.039868	-2.990125	2.990125	6.478603
9.210000	-2.305400	0.000000	-0.032393	-0.103658	0.059802	-2.990125	2.990125	6.478603
9.220000	-2.306400	0.000000	-0.032393	-0.103658	0.039868	-2.990125	2.990125	6.478603
9.230000	-2.307500	0.000000	-0.032393	-0.103658	0.039868	-2.990125	2.990125	6.478603
9.240000	-2.308400	0.000000	-0.032393	-0.103658	0.039868	-2.990125	2.990125	6.478603
9.250000	-2.309400	0.000000	-0.032393	-0.103658	0.059802	-2.990125	2.990125	6.478603
9.260000	-2.310300	0.000000	-0.032393	-0.103658	0.059802	-2.990125	2.990125	6.478603
9.270000	-2.311300	0.000000	-0.032393	-0.103658	0.039868	-2.990125	2.990125	6.478603
9.280000	-2.312400	0.000000	-0.032393	-0.103658	0.039868	-2.990125	2.990125	6.478603
9.290000	-2.313300	0.000000	-0.032393	-0.110136	0.039868	-2.990125	2.990125	6.478603
9.300000	-2.314200	0.000000	-0.032393	-0.110136	0.039868	-2.990125	2.990125	6.478603
9.310000	-2.315200	0.000000	-0.032393	-0.110136	0.059802	-2.990125	2.990125	6.478603
9.320000	-2.316300	0.000000	-0.032393	-0.110136	0.059802	-2.990125	2.990125	6.478603
9.330000	-2.317200	0.000000	-0.032393	-0.110136	0.059802	-2.990125	2.990125	6.478603
9.340000	-2.318200	0.000000	-0.032393	-0.110136	0.059802	-2.990125	3.488479	6.478603
9.350000	-2.319100	0.000000	-0.032393	-0.110136	0.059802	-2.990125	3.488479	6.478603
9.360000	-2.320300	0.000000	-0.032393	-0.110136	0.059802	-2.990125	3.488479	6.478603
9.370000	-2.321500	0.000000	-0.032393	-0.110136	0.059802	-2.990125	3.488479	6.976957
9.380000	-2.322200	0.000000	-0.032393	-0.110136	0.039868	-2.990125	3.488479	6.976957
9.390000	-2.323200	0.000000	-0.032393	-0.110136	0.039868	-2.990125	3.488479	6.976957
9.400000	-2.324200	0.000000	-0.032393	-0.110136	0.059802	-2.990125	3.488479	6.976957
9.410000	-2.325300	0.000000	-0.032393	-0.110136	0.059802	-2.990125	3.488479	6.976957
9.420000	-2.326300	0.000000	-0.032393	-0.110136	0.059802	-2.990125	3.488479	6.976957
9.430000	-2.327400	0.000000	-0.038872	-0.110136	0.059802	-2.990125	3.488479	6.976957
9.440000	-2.328500	0.000000	-0.038872	-0.110136	0.059802	-2.990125	3.488479	6.976957
9.450000	-2.329300	0.000000	-0.038872	-0.116615	0.059802	-2.990125	3.488479	6.976957
9.460000	-2.330300	0.000000	-0.032393	-0.116615	0.059802	-2.990125	3.488479	6.976957
9.470000	-2.331300	0.000000	-0.032393	-0.116615	0.059802	-2.990125	3.488479	6.976957
9.480000	-2.332300	0.000000	-0.038872	-0.110136	0.059802	-2.990125	3.488479	6.976957
9.490000	-2.333200	0.000000	-0.038872	-0.116615	0.059802	-2.990125	3.488479	6.976957
9.500000	-2.334200	0.000000	-0.032393	-0.116615	0.059802	-2.990125	3.488479	6.976957
9.510000	-2.335300	0.000000	-0.032393	-0.116615	0.059802	-2.990125	3.488479	6.976957
9.520000	-2.336200	0.000000	-0.038872	-0.116615	0.059802	-2.990125	3.488479	6.976957
9.530000	-2.337400	0.000000	-0.038872	-0.116615	0.059802	-2.990125	3.488479	6.976957
9.540000	-2.338300	0.000000	-0.038872	-0.116615	0.059802	-2.990125	3.488479	6.976957
9.550000	-2.339300	0.000000	-0.038872	-0.116615	0.059802	-2.990125	3.488479	6.976957
9.560000	-2.340200	0.000000	-0.038872	-0.116615	0.059802	-2.990125	3.488479	6.976957
9.570000	-2.341300	0.000000	-0.038872	-0.116615	0.059802	-2.990125	3.488479	7.475311
9.580000	-2.342300	0.000000	-0.038872	-0.116615	0.059802	-3.488479	3.488479	7.475311
9.590000	-2.343200	0.000000	-0.038872	-0.116615	0.059802	-3.488479	3.488479	7.475311
9.600000	-2.344300	0.000000	-0.038872	-0.116615	0.059802	-3.488479	3.488479	7.475311
9.610000	-2.345200	0.000000	-0.038872	-0.123093	0.059802	-3.488479	3.488479	7.475311
9.620000	-2.346300	0.000000	-0.038872	-0.123093	0.059802	-3.488479	3.488479	7.475311
9.630000	-2.347400	0.000000	-0.038872	-0.116615	0.059802	-3.488479	3.488479	7.475311
9.640000	-2.348200	0.000000	-0.038872	-0.116615	0.059802	-3.488479	3.488479	7.475311
9.650000	-2.349300	0.000000	-0.038872	-0.123093	0.059802	-3.488479	3.986833	7.475311
9.660000	-2.350300	0.000000	-0.038872	-0.123093	0.059802	-3.488479	3.986833	7.475311
9.670000	-2.351100	0.000000	-0.038872	-0.123093	0.059802	-3.488479	3.986833	7.475311
9.680000	-2.352300	0.000000	-0.038872	-0.123093	0.059802	-3.488479	3.986833	7.475311
9.690000	-2.353200	0.000000	-0.038872	-0.123093	0.059802	-3.488479	3.986833	7.475311
9.700000	-2.354300	0.000000	-0.038872	-0.123093	0.059802	-3.488479	3.986833	7.475311
9.710000	-2.355200	0.000000	-0.038872	-0.123093	0.059802	-3.488479	3.986833	7.475311
9.720000	-2.356300	0.000000	-0.038872	-0.123093	0.059802	-3.488479	3.986833	7.475311
9.730000	-2.357200	0.000000	-0.038872	-0.123093	0.059802	-3.488479	3.986833	7.475311
9.740000	-2.358200	0.000000	-0.038872	-0.123093	0.059802	-3.488479	3.986833	7.475311
9.750000	-2.359400	0.000000	-0.038872	-0.123093	0.059802	-3.488479	3.986833	7.475311
9.760000	-2.360200	0.000000	-0.038872	-0.123093	0.059802	-3.488479	3.986833	7.973666
9.770000	-2.361100	0.000000	-0.038872	-0.123093	0.059802	-3.488479	3.986833	7.973666
9.780000	-2.362200	0.000000	-0.038872	-0.123093	0.059802	-3.488479	3.986833	7.973666
9.790000	-2.363300	0.000000	-0.038872	-0.123093	0.059802	-3.488479	3.986833	7.973666
9.800000	-2.364200	0.000000	-0.038872	-0.123093	0.059802	-3.488479	3.986833	7.973666
9.810000	-2.365400	0.000000	-0.045350	-0.123093	0.059802	-3.488479	3.986833	7.973666
9.820000	-2.366300	0.000000	-0.045350	-0.129572	0.059802	-3.488479	3.986833	7.973666
9.830000	-2.367300	0.000000	-0.045350	-0.129572	0.059802	-3.488479	3.986833	7.973666
9.840000	-2.368300	0.000000	-0.045350	-0.129572	0.059802	-3.488479	3.986833	7.973666
9.850000	-2.369300	0.000000	-0.045350	-0.129572	0.059802	-3.488479	3.986833	7.973666
9.860000	-2.370300	0.000000	-0.045350	-0.129572	0.059802	-3.488479	3.986833	7.973666
9.870000	-2.371300	0.000000	-0.045350	-0.129572	0.059802	-3.488479	3.986833	7.973666
9.880000	-2.372300	0.000000	-0.045350	-0.129572	0.059802	-3.488479	3.986833	7.973666
9.890000	-2.373200	0.000000	-0.045350	-0.129572	0.059802	-3.488479	3.986833	7.973666
9.900000	-2.374300	0.000000	-0.045350	-0.129572	0.059802	-3.488479	3.986833	7.973666
9.910000	-2.375300	0.000000	-0.045350	-0.129572	0.059802	-3.488479	3.986833	7.973666
9.920000	-2.376300	0.000000	-0.045350	-0.129572	0.059802	-3.488479	3.986833	7.973666
9.930000	-2.377200	0.000000	-0.045350	-0.129572	0.059802	-3.986833	3.986833	7.973666
9.940000	-2.378200	0.000000	-0.045350	-0.129572	0.059802	-3.986833	3.986833	7.973666
9.950000	-2.379300	0.000000	-0.045350	-0.129572	0.059802	-3.986833	3.986833	7.973666
9.960000	-2.380300	0.000000	-0.045350	-0.129572	0.059802	-3.488479	3.986833	8.472020
9.970000	-2.381400	0.000000	-0.045350	-0.129572	0.059802	-3.986833	3.986833	8.472020
9.980000	-2.382200	0.000000	-0.045350	-0.136051	0.059802	-3.986833	4.485187	8.472020
9.990000	-2.383400	0.000000	-0.045350	-0.136051	0.059802	-3.986833	4.485187	8.472020
10.000000	-2.384300	0.000000	-0.045350	-0.136051	0.059802	-3.986833	3.986833	8.472020
10.010000	-2.385100	0.000000	-0.045350	-0.136051	0.059802	-3.986833	4.485187	8.472020
10.020000	-2.386300	0.000000	-0.045350	-0.136051	0.059802	-3.986833	4.485187	8.472020
10.030000	-2.387300	0.000000	-0.045350	-0.136051	0.059802	-3.986833	4.485187	8.472020
10.040000	-2.388400	0.000000	-0.045350	-0.136051	0.059802	-3.986833	4.485187	8.472020
10.050000	-2.389400	0.000000	-0.045350	-0.136051	0.059802	-3.986833	4.485187	8.472020
10.060000	-2.390300	0.000000	-0.045350	-0.136051	0.059802	-3.986833	4.485187	8.472020
10.070000	-2.391300	0.000000	-0.045350	-0.136051	0.059802	-3.986833	4.485187	8.472020
10.080000	-2.392300	0.000000	-0.045350	-0.136051	0.059802	-3.986833	4.485187	8.472020
10.090000	-2.393200	0.000000	-0.045350	-0.136051	0.059802	-3.986833	4.485187	8.472020
10.100000	-2.394200	0.000000	-0.045350	-0.136051	0.059802	-3.986833	4.485187	8.472020
10.110000	-2.395200	0.000000	-0.045350	-0.136051	0.059802	-3.986833	4.485187	8.472020
10.120000	-2.396200	0.000000	-0.045350	-0.136051	0.059802	-3.986833	4.485187	8.472020
10.130000	-2.397300	0.000000	-0.045350	-0.136051	0.059802	-3.986833	4.485187	8.472020
10.140000	-2.398300	0.000000	-0.045350	-0.142529	0.059802	-3.986833	4.485187	8.472020
10.150000	-2.399300	0.000000	-0.045350	-0.142529	0.059802	-3.986833	4.485187	8.472020
10.160000	-2.400400	0.000000	-0.051829	-0.136051	0.059802	-3.986833	4.485187	8.970374
10.170000	-2.401300	0.000000	-0.051829	-0.136051	0.059802	-3.986833	4.485187	8.970374
10.180000	-2.402300	0.000000	-0.051829	-0.142529	0.059802	-3.986833	4.485187	8.970374
10.190000	-2.403300	0.000000	-0.045350	-0.142529	0.059802	-3.986833	4.485187	8.970374
10.200000	-2.404300	0.000000	-0.045350	-0.142529	0.059802	-3.986833	4.485187	8.970374
10.210000	-2.405300	0.000000	-0.051829	-0.142529	0.059802	-3.986833	4.485187	8.970374
10.220000	-2.406300	0.000000	-0.051829	-0.142529	0.059802	-3.986833	4.485187	8.970374
10.230000	-2.407300	0.000000	-0.051829	-0.142529	0.059802	-3.986833	4.485187	8.970374
10.240000	-2.408300	0.000000	-0.051829	-0.142529	0.059802	-3.986833	4.485187	8.970374
10.250000	-2.409300	0.000000	-0.051829	-0.142529	0.059802	-3.986833	4.485187	8.970374
10.260000	-2.410300	0.000000	-0.051829	-0.142529	0.059802	-3.986833	4.485187	8.970374
10.270000	-2.411300	0.000000	-0.051829	-0.142529	0.059802	-3.986833	4.485187	8.970374
10.280000	-2.412200	0.000000	-0.051829	-0.142529	0.059802	-3.986833	4.485187	8.970374
10.290000	-2.413300	0.000000	-0.051829	-0.149008	0.059802	-3.986833	4.485187	8.970374
10.300000	-2.414300	0.000000	-0.051829	-0.149008	0.059802	-4.485187	4.485187	8.970374
10.310000	-2.415200	0.000000	-0.051829	-0.142529	0.059802	-3.986833	4.485187	8.970374
10.320000	-2.416300	0.000000	-0.051829	-0.142529	0.059802	-3.986833	4.485187	8.970374
10.330000	-2.417300	0.000000	-0.051829	-0.149008	0.059802	-3.986833	4.983541	8.970374
10.340000	-2.418300	0.000000	-0.051829	-0.149008	0.059802	-4.485187	4.983541	8.970374
10.350000	-2.419300	0.000000	-0.051829	-0.149008	0.059802	-4.485187	4.983541	8.970374
10.360000	-2.420300	0.000000	-0.051829	-0.149008	0.059802	-4.485187	4.983541	8.970374
10.370000	-2.421300	0.000000	-0.051829	-0.149008	0.059802	-4.485187	4.983541	9.468728
10.380000	-2.422400	0.000000	-0.051829	-0.149008	0.059802	-4.485187	4.983541	9.468728
10.390000	-2.423200	0.000000	-0.051829	-0.149008	0.059802	-4.485187	4.983541	9.468728
10.400000	-2.424200	0.000000	-0.051829	-0.149008	0.059802	-4.485187	4.983541	9.468728
10.410000	-2.425300	0.000000	-0.051829	-0.149008	0.079737	-4.485187	4.983541	9.468728
10.420000	-2.426200	0.000000	-0.051829	-0.149008	0.079737	-4.485187	4.983541	9.468728
10.430000	-2.427200	0.000000	-0.051829	-0.149008	0.079737	-4.485187	4.983541	9.468728
10.440000	-2.428200	0.000000	-0.051829	-0.149008	0.079737	-4.485187	4.983541	9.468728
10.450000	-2.429100	0.000000	-0.051829	-0.149008	0.079737	-4.485187	4.983541	9.468728
10.460000	-2.430100	0.000000	-0.051829	-0.149008	0.079737	-4.485187	4.983541	9.468728
10.470000	-2.431200	0.000000	-0.051829	-0.149008	0.079737	-4.485187	4.983541	9.468728
10.480000	-2.432300	0.000000	-0.051829	-0.149008	0.079737	-4.485187	4.983541	9.468728
10.490000	-2.433500	0.000000	-0.051829	-0.149008	0.079737	-4.485187	4.983541	9.468728
10.500000	-2.434500	0.000000	-0.051829	-0.155486	0.079737	-4.485187	4.983541	9.468728
10.510000	-2.435500	0.000000	-0.051829	-0.155486	0.059802	-4.485187	4.983541	9.468728
10.520000	-2.436300	0.000000	-0.051829	-0.155486	0.059802	-4.485187	4.983541	9.468728
10.530000	-2.437200	0.000000	-0.058307	-0.155486	0.079737	-4.485187	4.983541	9.468728
10.540000	-2.437900	0.000000	-0.051829	-0.155486	0.079737	-4.485187	4.983541	9.468728
10.550000	-2.438300	0.000000	-0.051829	-0.155486	0.079737	-4.485187	4.983541	9.468728
10.560000	-2.438600	0.000000	-0.058307	-0.155486	0.059802	-4.485187	4.983541	9.468728
10.570000	-2.438800	0.000000	-0.058307	-0.155486	0.079737	-4.485187	4.983541	9.468728
10.580000	-2.438900	0.000000	-0.058307	-0.155486	0.079737	-4.485187	4.983541	9.468728
10.590000	-2.438900	0.000000	-0.058307	-0.155486	0.079737	-4.485187	4.983541	9.468728
10.600000	-2.438900	0.000000	-0.058307	-0.155486	0.079737	-4.485187	4.983541	9.468728
10.610000	-2.439000	0.000000	-0.051829	-0.155486	0.079737	-4.485187	4.983541	9.468728
10.620000	-2.439000	0.000000	-0.058307	-0.155486	0.079737	-4.485187	4.983541	9.468728
10.630000	-2.439000	0.000000	-0.058307	-0.155486	0.079737	-4.485187	4.983541	9.468728
10.640000	-2.439000	0.000000	-0.051829	-0.155486	0.079737	-4.485187	4.983541	9.468728
10.650000	-2.439000	0.000000	-0.051829	-0.155486	0.079737	-4.485187	4.983541	9.468728
10.660000	-2.439000	0.000000	-0.051829	-0.155486	0.079737	-4.485187	4.983541	9.468728
10.670000	-2.439000	0.000000	-0.058307	-0.155486	0.059802	-4.485187	4.983541	9.468728
10.680000	-2.439000	0.000000	-0.058307	-0.155486	0.079737	-4.485187	4.983541	9.468728
10.690000	-2.439000	0.000000	-0.058307	-0.155486	0.079737	-4.485187	4.983541	9.468728
10.700000	-2.439000	0.000000	-0.051829	-0.155486	0.079737	-4.485187	4.983541	9.468728
10.710000	-2.439000	0.000000	-0.051829	-0.155486	0.079737	-4.485187	4.983541	9.468728
10.720000	-2.439000	0.000000	-0.051829	-0.155486	0.059802	-4.485187	4.983541	9.468728
10.730000	-2.439000	0.000000	-0.058307	-0.155486	0.059802	-4.485187	4.983541	9.468728
10.740000	-2.439000	0.000000	-0.058307	-0.149008	0.079737	-4.485187	4.983541	9.468728
10.750000	-2.439000	0.000000	-0.051829	-0.155486	0.079737	-4.485187	4.983541	9.468728
10.760000	-2.439000	0.000000	-0.051829	-0.155486	0.079737	-4.485187	4.983541	9.468728
10.770000	-2.439000	0.000000	-0.051829	-0.155486	0.079737	-4.485187	4.983541	9.468728
10.780000	-2.439000	0.000000	-0.051829	-0.155486	0.079737	-4.485187	4.983541	9.468728
10.790000	-2.439000	0.000000	-0.058307	-0.155486	0.059802	-4.485187	4.983541	9.468728
10.800000	-2.439000	0.000000	-0.058307	-0.155486	0.079737	-4.485187	4.983541	9.468728
10.810000	-2.439000	0.000000	-0.051829	-0.155486	0.079737	-4.485187	4.983541	9.468728
10.820000	-2.439000	0.000000	-0.051829	-0.155486	0.079737	-4.485187	4.983541	9.468728
10.830000	-2.439000	0.000000	-0.051829	-0.149008	0.079737	-4.485187	4.983541	9.468728
10.840000	-2.439000	0.000000	-0.051829	-0.149008	0.059802	-4.485187	4.983541	9.468728
10.850000	-2.439000	0.000000	-0.058307	-0.149008	0.059802	-4.485187	4.983541	9.468728
10.860000	-2.438900	0.000000	-0.058307	-0.149008	0.059802	-4.485187	4.983541	9.468728
10.870000	-2.438900	0.000000	-0.051829	-0.155486	0.059802	-4.485187	4.983541	9.468728
10.880000	-2.438900	0.000000	-0.051829	-0.155486	0.059802	-4.485187	4.983541	9.468728
10.890000	-2.438900	0.000000	-0.051829	-0.149008	0.059802	-4.485187	4.983541	9.468728
10.900000	-2.438900	0.000000	-0.058307	-0.149008	0.079737	-4.485187	4.983541	9.468728
10.910000	-2.438800	0.000000	-0.058307	-0.149008	0.079737	-4.485187	4.983541	9.468728
10.920000	-2.438700	0.000000	-0.051829	-0.149008	0.079737	-4.485187	4.983541	9.468728
10.930000	-2.438700	0.000000	-0.051829	-0.149008	0.079737	-4.485187	4.983541	9.468728
10.940000	-2.438700	0.000000	-0.051829	-0.149008	0.079737	-4.485187	4.983541	9.468728
10.950000	-2.438600	0.000000	-0.058307	-0.149008	0.059802	-4.485187	4.983541	9.468728
10.960000	-2.438600	0.000000	-0.058307	-0.149008	0.059802	-4.485187	4.983541	9.468728
10.970000	-2.438500	0.000000	-0.051829	-0.149008	0.059802	-4.485187	4.983541	9.468728
10.980000	-2.438500	0.000000	-0.051829	-0.149008	0.059802	-4.485187	4.983541	9.468728
10.990000	-2.438500	0.000000	-0.051829	-0.149008	0.059802	-4.485187	4.983541	9.468728
11.000000	-2.438500	0.000000	-0.051829	-0.149008	0.059802	-4.485187	4.983541	9.468728
11.010000	-2.438500	0.000000	-0.051829	-0.149008	0.059802	-4.485187	4.983541	9.468728
11.020000	-2.438500	0.000000	-0.051829	-0.149008	0.059802	-4.485187	4.983541	9.468728
11.030000	-2.438500	0.000000	-0.051829	-0.149008	0.059802	-4.485187	4.983541	9.468728
11.040000	-2.438500	0.000000	-0.051829	-0.149008	0.059802	-4.485187	4.983541	9.468728
11.050000	-2.438500	0.000000	-0.051829	-0.149008	0.059802	-4.485187	4.983541	9.468728
11.060000	-2.438500	0.000000	-0.051829	-0.149008	0.059802	-4.485187	4.983541	9.468728
11.070000	-2.438500	0.000000	-0.051829	-0.149008	0.059802	-4.485187	4.983541	9.468728
11.080000	-2.438500	0.000000	-0.051829	-0.149008	0.059802	-4.485187	4.983541	9.468728
11.090000	-2.438500	0.000000	-0.051829	-0.149008	0.059802	-4.485187	4.983541	9.468728
11.100000	-2.438500	0.000000	-0.051829	-0.149008	0.059802	-4.485187	4.983541	9.468728
11.110000	-2.438500	0.000000	-0.051829	-0.149008	0.059802	-4.485187	4.983541	9.468728
11.120000	-2.438500	0.000000	-0.051829	-0.149008	0.059802	-4.485187	4.983541	9.468728
11.130000	-2.438500	0.000000	-0.051829	-0.149008	0.059802	-4.485187	4.983541	9.468728
11.140000	-2.438500	0.000000	-0.051829	-0.149008	0.059802	-4.485187	4.983541	9.468728
11.150000	-2.438500	0.000000	-0.051829	-0.149008	0.059802	-4.485187	4.983541	9.468728
11.160000	-2.438500	0.000000	-0.051829	-0.149008	0.059802	-4.485187	4.983541	9.468728
11.170000	-2.438500	0.000000	-0.051829	-0.149008	0.059802	-4.485187	4.983541	9.468728
11.180000	-2.438500	0.000000	-0.051829	-0.149008	0.059802	-4.485187	4.983541	9.468728
11.190000	-2.438500	0.000000	-0.051829	-0.149008	0.059802	-4.485187	4.983541	9.468728
<END DATA>
