<Mach-1 File>
<INFO>
Date:	Mon, Nov 13, 2023
Time:	14:56:58.000
Mach-1 Motion Software Version:	4.4.0.17
Mach-1 System S/N:	MA0561140
Mach-1 System Model:	V500ct
Load Cell Name:	FT31009
Load Cell Type:	Multiple-axis
Load Cell Calibration Factor:	0.996708
Load Cell Offset:	-86.095833
Load Cell Calibration Date:	2023-11-13
<END INFO>
<Find Contact>
Stage Axis:	Position (z)
Load Cell Axis:	Fz
Direction:	Positive
Contact Criteria, N:	0.200000
Stage Velocity, mm/s:	0.1000
Stage Limit, mm:	3.0000
Stage Repositioning:	2X Load Resolution
Offset, mm:	0.0000
<DATA>
Time, s	Position (z), mm	Position (theta), deg	Fx, N	Fy, N	Fz, N	Tx, N-mm	Ty, N-mm	Tz, N-mm
0.000000	-2.538900	0.000000	-0.012957	-0.045350	0.019934	-1.495062	1.495062	2.491770
0.010000	-2.538900	0.000000	-0.012957	-0.045350	0.019934	-1.495062	1.495062	2.491770
0.020000	-2.538900	0.000000	-0.012957	-0.045350	0.019934	-1.495062	1.495062	2.491770
0.030000	-2.538900	0.000000	-0.019436	-0.045350	0.019934	-1.495062	1.495062	2.491770
0.040000	-2.538900	0.000000	-0.019436	-0.045350	0.019934	-1.495062	1.495062	2.491770
0.050000	-2.538900	0.000000	-0.012957	-0.038872	0.019934	-1.495062	1.495062	2.491770
0.060000	-2.538900	0.000000	-0.012957	-0.045350	0.019934	-1.495062	1.495062	2.491770
0.070000	-2.538900	0.000000	-0.012957	-0.045350	0.019934	-1.495062	1.495062	2.491770
0.080000	-2.538900	0.000000	-0.019436	-0.045350	0.019934	-1.495062	1.495062	2.491770
0.090000	-2.538900	0.000000	-0.019436	-0.045350	0.019934	-1.495062	1.495062	2.491770
0.100000	-2.538900	0.000000	-0.019436	-0.045350	0.019934	-1.495062	1.495062	2.491770
0.110000	-2.538900	0.000000	-0.012957	-0.045350	0.019934	-1.495062	1.495062	2.491770
0.120000	-2.538900	0.000000	-0.012957	-0.045350	0.019934	-1.495062	1.495062	2.491770
0.130000	-2.538900	0.000000	-0.012957	-0.045350	0.019934	-1.495062	1.495062	2.491770
0.140000	-2.538900	0.000000	-0.012957	-0.038872	0.019934	-1.495062	1.495062	2.491770
0.150000	-2.538900	0.000000	-0.012957	-0.038872	0.019934	-1.495062	1.495062	2.491770
0.160000	-2.538900	0.000000	-0.019436	-0.038872	0.019934	-1.495062	1.495062	2.491770
0.170000	-2.538900	0.000000	-0.012957	-0.045350	0.019934	-1.495062	1.495062	2.491770
0.180000	-2.538900	0.000000	-0.012957	-0.045350	0.019934	-1.495062	1.495062	2.491770
0.190000	-2.538900	0.000000	-0.019436	-0.045350	0.019934	-1.495062	1.495062	2.491770
0.200000	-2.538900	0.000000	-0.019436	-0.038872	0.019934	-1.495062	1.495062	2.491770
0.210000	-2.538900	0.000000	-0.019436	-0.045350	0.019934	-1.495062	1.495062	2.491770
0.220000	-2.538900	0.000000	-0.019436	-0.045350	0.019934	-1.495062	1.495062	2.491770
0.230000	-2.538900	0.000000	-0.019436	-0.045350	0.019934	-1.495062	1.495062	2.491770
0.240000	-2.538900	0.000000	-0.012957	-0.045350	0.019934	-1.495062	1.495062	2.491770
0.250000	-2.538900	0.000000	-0.019436	-0.045350	0.019934	-1.495062	1.495062	2.491770
0.260000	-2.538900	0.000000	-0.019436	-0.045350	0.019934	-1.495062	1.495062	2.491770
0.270000	-2.538900	0.000000	-0.012957	-0.045350	0.019934	-1.495062	1.495062	2.491770
0.280000	-2.538800	0.000000	-0.012957	-0.045350	0.019934	-1.495062	1.495062	2.491770
0.290000	-2.538800	0.000000	-0.012957	-0.045350	0.019934	-1.495062	1.495062	2.491770
0.300000	-2.538500	0.000000	-0.012957	-0.038872	0.019934	-1.495062	1.495062	2.491770
0.310000	-2.538000	0.000000	-0.012957	-0.045350	0.019934	-1.495062	1.495062	2.491770
0.320000	-2.537900	0.000000	-0.019436	-0.045350	0.019934	-1.495062	1.993416	2.491770
0.330000	-2.537600	0.000000	-0.019436	-0.045350	0.019934	-1.495062	1.993416	2.491770
0.340000	-2.537400	0.000000	-0.019436	-0.038872	0.019934	-1.495062	1.495062	2.491770
0.350000	-2.537200	0.000000	-0.019436	-0.038872	0.019934	-1.495062	1.495062	2.491770
0.360000	-2.537000	0.000000	-0.012957	-0.038872	0.019934	-1.495062	1.495062	2.491770
0.370000	-2.536800	0.000000	-0.012957	-0.038872	0.019934	-1.495062	1.495062	2.491770
0.380000	-2.536600	0.000000	-0.012957	-0.038872	0.019934	-1.495062	1.495062	2.491770
0.390000	-2.536300	0.000000	-0.019436	-0.045350	0.019934	-1.495062	1.495062	2.491770
0.400000	-2.536100	0.000000	-0.012957	-0.038872	0.019934	-1.495062	1.495062	2.491770
0.410000	-2.535900	0.000000	-0.012957	-0.038872	0.019934	-1.495062	1.495062	2.491770
0.420000	-2.535700	0.000000	-0.012957	-0.038872	0.019934	-1.495062	1.495062	2.491770
0.430000	-2.535300	0.000000	-0.012957	-0.038872	0.019934	-1.495062	1.495062	2.491770
0.440000	-2.535100	0.000000	-0.012957	-0.045350	0.019934	-1.495062	1.495062	2.491770
0.450000	-2.534800	0.000000	-0.012957	-0.038872	0.019934	-1.495062	1.495062	2.491770
0.460000	-2.534500	0.000000	-0.012957	-0.038872	0.019934	-1.495062	1.495062	2.491770
0.470000	-2.534200	0.000000	-0.012957	-0.038872	0.019934	-1.495062	1.495062	2.491770
0.480000	-2.533900	0.000000	-0.012957	-0.045350	0.019934	-1.495062	1.495062	2.491770
0.490000	-2.533600	0.000000	-0.012957	-0.045350	0.019934	-1.495062	1.495062	2.491770
0.500000	-2.533300	0.000000	-0.012957	-0.038872	0.019934	-1.495062	1.495062	2.491770
0.510000	-2.532900	0.000000	-0.012957	-0.038872	0.019934	-1.495062	1.495062	2.491770
0.520000	-2.532500	0.000000	-0.012957	-0.038872	0.019934	-1.495062	1.495062	2.491770
0.530000	-2.532200	0.000000	-0.012957	-0.038872	0.019934	-1.495062	1.495062	2.491770
0.540000	-2.531800	0.000000	-0.012957	-0.038872	0.019934	-1.495062	1.495062	2.491770
0.550000	-2.531400	0.000000	-0.012957	-0.038872	0.019934	-1.495062	1.495062	2.491770
0.560000	-2.531100	0.000000	-0.012957	-0.038872	0.019934	-1.495062	1.495062	2.491770
0.570000	-2.530700	0.000000	-0.012957	-0.038872	0.019934	-1.495062	1.495062	2.491770
0.580000	-2.530200	0.000000	-0.012957	-0.038872	0.019934	-1.495062	1.495062	2.491770
0.590000	-2.529800	0.000000	-0.012957	-0.038872	0.019934	-1.495062	1.495062	2.491770
0.600000	-2.529400	0.000000	-0.012957	-0.038872	0.019934	-1.495062	1.495062	2.491770
0.610000	-2.529000	0.000000	-0.012957	-0.038872	0.019934	-1.495062	1.495062	2.491770
0.620000	-2.528500	0.000000	-0.012957	-0.038872	0.019934	-1.495062	1.495062	2.491770
0.630000	-2.528100	0.000000	-0.012957	-0.038872	0.019934	-1.495062	1.495062	2.491770
0.640000	-2.527600	0.000000	-0.012957	-0.038872	0.019934	-1.495062	1.495062	2.491770
0.650000	-2.527100	0.000000	-0.012957	-0.038872	0.019934	-1.495062	1.495062	2.491770
0.660000	-2.526500	0.000000	-0.012957	-0.038872	0.019934	-0.996708	1.495062	1.993416
0.670000	-2.526100	0.000000	-0.012957	-0.032393	0.019934	-0.996708	1.495062	1.993416
0.680000	-2.525600	0.000000	-0.012957	-0.032393	0.019934	-1.495062	1.495062	1.993416
0.690000	-2.525100	0.000000	-0.012957	-0.038872	0.019934	-1.495062	1.495062	1.993416
0.700000	-2.524500	0.000000	-0.012957	-0.038872	0.019934	-0.996708	1.495062	1.993416
0.710000	-2.524000	0.000000	-0.012957	-0.032393	0.019934	-0.996708	1.495062	1.993416
0.720000	-2.523400	0.000000	-0.012957	-0.032393	0.019934	-0.996708	1.495062	1.993416
0.730000	-2.522900	0.000000	-0.012957	-0.032393	0.019934	-0.996708	1.495062	1.993416
0.740000	-2.522300	0.000000	-0.012957	-0.032393	0.019934	-0.996708	1.495062	1.993416
0.750000	-2.521700	0.000000	-0.012957	-0.032393	0.019934	-0.996708	1.495062	1.993416
0.760000	-2.521100	0.000000	-0.012957	-0.032393	0.019934	-0.996708	1.495062	1.993416
0.770000	-2.520500	0.000000	-0.012957	-0.032393	0.019934	-0.996708	1.495062	1.993416
0.780000	-2.519900	0.000000	-0.012957	-0.032393	0.019934	-0.996708	1.495062	1.993416
0.790000	-2.519300	0.000000	-0.012957	-0.032393	0.019934	-0.996708	1.495062	1.993416
0.800000	-2.518700	0.000000	-0.012957	-0.032393	0.019934	-0.996708	1.495062	1.993416
0.810000	-2.518000	0.000000	-0.012957	-0.032393	0.019934	-0.996708	1.495062	1.993416
0.820000	-2.517400	0.000000	-0.012957	-0.032393	0.019934	-0.996708	1.495062	1.993416
0.830000	-2.516700	0.000000	-0.012957	-0.032393	0.019934	-0.996708	1.495062	1.993416
0.840000	-2.516000	0.000000	-0.012957	-0.032393	0.019934	-0.996708	1.495062	1.993416
0.850000	-2.515300	0.000000	-0.012957	-0.032393	0.019934	-0.996708	1.495062	1.993416
0.860000	-2.514600	0.000000	-0.012957	-0.032393	0.019934	-0.996708	0.996708	1.993416
0.870000	-2.513900	0.000000	-0.012957	-0.032393	0.019934	-0.996708	0.996708	1.993416
0.880000	-2.513200	0.000000	-0.012957	-0.032393	0.019934	-0.996708	0.996708	1.993416
0.890000	-2.512500	0.000000	-0.012957	-0.032393	0.019934	-0.996708	0.996708	1.993416
0.900000	-2.511700	0.000000	-0.012957	-0.032393	0.019934	-0.996708	0.996708	1.993416
0.910000	-2.511100	0.000000	-0.012957	-0.025914	0.019934	-0.996708	0.996708	1.993416
0.920000	-2.510300	0.000000	-0.012957	-0.025914	0.019934	-0.996708	0.996708	1.495062
0.930000	-2.509500	0.000000	-0.012957	-0.025914	0.019934	-0.996708	0.996708	1.495062
0.940000	-2.508700	0.000000	-0.012957	-0.025914	0.019934	-0.996708	0.996708	1.495062
0.950000	-2.508000	0.000000	-0.006479	-0.025914	0.019934	-0.996708	0.996708	1.495062
0.960000	-2.507200	0.000000	-0.006479	-0.025914	0.019934	-0.996708	0.996708	1.495062
0.970000	-2.506400	0.000000	-0.006479	-0.025914	0.019934	-0.996708	0.996708	1.495062
0.980000	-2.505500	0.000000	-0.006479	-0.025914	0.019934	-0.996708	0.996708	1.495062
0.990000	-2.504700	0.000000	-0.006479	-0.025914	0.019934	-0.996708	0.996708	1.495062
1.000000	-2.503800	0.000000	-0.006479	-0.025914	0.019934	-0.996708	0.996708	1.495062
1.010000	-2.503100	0.000000	-0.006479	-0.025914	0.019934	-0.996708	0.996708	1.495062
1.020000	-2.502200	0.000000	-0.006479	-0.025914	0.019934	-0.996708	0.996708	1.495062
1.030000	-2.501400	0.000000	-0.006479	-0.025914	0.019934	-0.996708	0.996708	1.495062
1.040000	-2.500400	0.000000	-0.006479	-0.025914	0.019934	-0.996708	0.996708	1.495062
1.050000	-2.499700	0.000000	-0.006479	-0.025914	0.019934	-0.996708	0.996708	1.495062
1.060000	-2.498700	0.000000	-0.006479	-0.025914	0.019934	-0.996708	0.996708	1.495062
1.070000	-2.497800	0.000000	-0.006479	-0.025914	0.019934	-0.996708	0.996708	1.495062
1.080000	-2.496900	0.000000	-0.006479	-0.019436	0.019934	-0.996708	0.996708	1.495062
1.090000	-2.496000	0.000000	-0.006479	-0.019436	0.019934	-0.498354	0.996708	0.996708
1.100000	-2.495100	0.000000	-0.006479	-0.019436	0.019934	-0.498354	0.996708	0.996708
1.110000	-2.494000	0.000000	-0.006479	-0.019436	0.019934	-0.996708	0.996708	0.996708
1.120000	-2.493100	0.000000	-0.006479	-0.019436	0.019934	-0.996708	0.996708	0.996708
1.130000	-2.492300	0.000000	-0.006479	-0.019436	0.019934	-0.498354	0.996708	0.996708
1.140000	-2.491100	0.000000	-0.006479	-0.019436	0.000000	-0.498354	0.996708	0.996708
1.150000	-2.490300	0.000000	-0.006479	-0.019436	0.000000	-0.498354	0.996708	0.996708
1.160000	-2.489200	0.000000	-0.006479	-0.019436	0.000000	-0.498354	0.996708	0.996708
1.170000	-2.488200	0.000000	-0.006479	-0.019436	0.000000	-0.498354	0.498354	0.996708
1.180000	-2.487200	0.000000	-0.006479	-0.019436	0.019934	-0.498354	0.498354	0.996708
1.190000	-2.486200	0.000000	-0.006479	-0.019436	0.019934	-0.498354	0.498354	0.996708
1.200000	-2.485200	0.000000	-0.006479	-0.012957	0.000000	-0.498354	0.498354	0.996708
1.210000	-2.484300	0.000000	-0.006479	-0.012957	0.000000	-0.498354	0.498354	0.996708
1.220000	-2.483100	0.000000	0.000000	-0.012957	0.000000	-0.498354	0.498354	0.996708
1.230000	-2.482200	0.000000	0.000000	-0.012957	0.000000	-0.498354	0.498354	0.996708
1.240000	-2.481300	0.000000	-0.006479	-0.012957	0.019934	-0.498354	0.498354	0.996708
1.250000	-2.480200	0.000000	-0.006479	-0.012957	0.019934	-0.498354	0.498354	0.996708
1.260000	-2.479200	0.000000	-0.006479	-0.012957	0.000000	-0.498354	0.498354	0.498354
1.270000	-2.478200	0.000000	-0.006479	-0.012957	0.000000	-0.498354	0.498354	0.498354
1.280000	-2.477200	0.000000	0.000000	-0.012957	0.000000	-0.498354	0.498354	0.498354
1.290000	-2.476200	0.000000	0.000000	-0.012957	0.000000	-0.498354	0.498354	0.498354
1.300000	-2.475200	0.000000	0.000000	-0.006479	0.000000	-0.498354	0.498354	0.498354
1.310000	-2.474200	0.000000	0.000000	-0.012957	0.000000	-0.498354	0.498354	0.498354
1.320000	-2.473200	0.000000	-0.006479	-0.012957	0.000000	-0.498354	0.498354	0.498354
1.330000	-2.472300	0.000000	0.000000	-0.012957	0.000000	-0.498354	0.498354	0.498354
1.340000	-2.471200	0.000000	0.000000	-0.012957	0.000000	-0.498354	0.498354	0.498354
1.350000	-2.470200	0.000000	0.000000	-0.006479	0.000000	-0.498354	0.498354	0.498354
1.360000	-2.469200	0.000000	0.000000	-0.006479	0.000000	-0.498354	0.498354	0.498354
1.370000	-2.468200	0.000000	0.000000	-0.012957	0.000000	-0.498354	0.498354	0.498354
1.380000	-2.467200	0.000000	0.000000	-0.006479	0.000000	-0.498354	0.498354	0.498354
1.390000	-2.466300	0.000000	0.000000	-0.006479	0.000000	-0.498354	0.498354	0.498354
1.400000	-2.465200	0.000000	0.000000	-0.006479	0.000000	-0.498354	0.498354	0.498354
1.410000	-2.464300	0.000000	0.000000	-0.006479	0.000000	-0.498354	0.498354	0.498354
1.420000	-2.463300	0.000000	0.000000	-0.006479	0.000000	-0.498354	0.498354	0.498354
1.430000	-2.462200	0.000000	0.000000	-0.006479	0.000000	-0.498354	0.000000	0.000000
1.440000	-2.461200	0.000000	0.000000	-0.006479	0.000000	0.000000	0.498354	0.000000
1.450000	-2.460200	0.000000	0.000000	-0.006479	0.000000	0.000000	0.498354	0.000000
1.460000	-2.459200	0.000000	0.000000	-0.006479	0.000000	0.000000	0.498354	0.000000
1.470000	-2.458300	0.000000	0.000000	-0.006479	0.000000	0.000000	0.498354	0.000000
1.480000	-2.457100	0.000000	0.000000	-0.006479	0.000000	0.000000	0.000000	0.000000
1.490000	-2.456300	0.000000	0.000000	-0.006479	0.000000	0.000000	0.000000	0.000000
1.500000	-2.455300	0.000000	0.000000	0.000000	0.000000	0.000000	0.000000	0.000000
1.510000	-2.454200	0.000000	0.000000	0.000000	0.000000	0.000000	0.000000	0.000000
1.520000	-2.453200	0.000000	0.000000	0.000000	0.000000	0.000000	0.000000	0.000000
1.530000	-2.452200	0.000000	0.000000	0.000000	0.000000	0.000000	0.000000	0.000000
1.540000	-2.451200	0.000000	0.000000	0.000000	0.000000	0.000000	0.000000	0.000000
1.550000	-2.450300	0.000000	0.000000	0.000000	0.000000	0.000000	0.000000	0.000000
1.560000	-2.449200	0.000000	0.000000	0.000000	0.000000	0.000000	0.000000	0.000000
1.570000	-2.448300	0.000000	0.000000	0.000000	0.000000	0.000000	0.000000	0.000000
1.580000	-2.447200	0.000000	0.000000	0.000000	0.000000	0.000000	0.000000	0.000000
1.590000	-2.446300	0.000000	0.000000	0.000000	0.000000	0.000000	0.000000	0.000000
1.600000	-2.445200	0.000000	0.000000	0.000000	0.000000	0.000000	0.000000	0.000000
1.610000	-2.444200	0.000000	0.000000	0.000000	0.000000	0.000000	0.000000	-0.498354
1.620000	-2.443200	0.000000	0.006479	0.000000	0.000000	0.000000	0.000000	-0.498354
1.630000	-2.442200	0.000000	0.000000	0.000000	0.000000	0.000000	0.000000	-0.498354
1.640000	-2.441200	0.000000	0.000000	0.000000	0.000000	0.000000	0.000000	-0.498354
1.650000	-2.440200	0.000000	0.006479	0.006479	0.000000	0.000000	0.000000	-0.498354
1.660000	-2.439400	0.000000	0.006479	0.006479	0.000000	0.000000	0.000000	-0.498354
1.670000	-2.438200	0.000000	0.006479	0.006479	0.000000	0.000000	0.000000	-0.498354
1.680000	-2.437400	0.000000	0.000000	0.006479	0.000000	0.000000	0.000000	-0.498354
1.690000	-2.436200	0.000000	0.000000	0.006479	0.000000	0.000000	0.000000	-0.498354
1.700000	-2.435100	0.000000	0.006479	0.006479	0.000000	0.000000	0.000000	-0.498354
1.710000	-2.434400	0.000000	0.006479	0.006479	0.000000	0.000000	0.000000	-0.498354
1.720000	-2.433200	0.000000	0.006479	0.006479	0.000000	0.000000	0.000000	-0.498354
1.730000	-2.432100	0.000000	0.006479	0.006479	0.000000	0.000000	0.000000	-0.498354
1.740000	-2.431300	0.000000	0.006479	0.006479	0.000000	0.000000	0.000000	-0.498354
1.750000	-2.430300	0.000000	0.006479	0.006479	0.000000	0.000000	0.000000	-0.498354
1.760000	-2.429200	0.000000	0.006479	0.006479	0.000000	0.000000	-0.498354	-0.498354
1.770000	-2.428200	0.000000	0.006479	0.006479	0.000000	0.000000	-0.498354	-0.498354
1.780000	-2.427200	0.000000	0.006479	0.006479	0.000000	0.000000	-0.498354	-0.996708
1.790000	-2.426100	0.000000	0.006479	0.006479	0.000000	0.000000	-0.498354	-0.996708
1.800000	-2.425200	0.000000	0.006479	0.006479	0.000000	0.498354	-0.498354	-0.996708
1.810000	-2.424100	0.000000	0.006479	0.012957	0.000000	0.498354	-0.498354	-0.996708
1.820000	-2.423200	0.000000	0.006479	0.012957	0.000000	0.498354	-0.498354	-0.996708
1.830000	-2.422200	0.000000	0.006479	0.006479	0.000000	0.498354	-0.498354	-0.996708
1.840000	-2.421200	0.000000	0.006479	0.006479	0.000000	0.498354	-0.498354	-0.996708
1.850000	-2.420200	0.000000	0.006479	0.012957	0.000000	0.498354	-0.498354	-0.996708
1.860000	-2.419200	0.000000	0.006479	0.012957	0.000000	0.498354	-0.498354	-0.996708
1.870000	-2.418200	0.000000	0.006479	0.012957	0.000000	0.498354	-0.498354	-0.996708
1.880000	-2.417300	0.000000	0.006479	0.012957	0.000000	0.498354	-0.498354	-0.996708
1.890000	-2.416200	0.000000	0.006479	0.012957	0.000000	0.498354	-0.498354	-0.996708
1.900000	-2.415200	0.000000	0.006479	0.012957	0.000000	0.498354	-0.498354	-0.996708
1.910000	-2.414200	0.000000	0.006479	0.012957	0.000000	0.498354	-0.498354	-0.996708
1.920000	-2.413200	0.000000	0.012957	0.012957	0.000000	0.498354	-0.498354	-0.996708
1.930000	-2.412200	0.000000	0.006479	0.012957	0.000000	0.498354	-0.498354	-0.996708
1.940000	-2.411200	0.000000	0.006479	0.012957	0.000000	0.498354	-0.498354	-0.996708
1.950000	-2.410200	0.000000	0.006479	0.012957	0.000000	0.498354	-0.498354	-0.996708
1.960000	-2.409200	0.000000	0.006479	0.012957	0.000000	0.498354	-0.498354	-0.996708
1.970000	-2.408200	0.000000	0.006479	0.019436	0.000000	0.498354	-0.498354	-0.996708
1.980000	-2.407300	0.000000	0.012957	0.019436	0.000000	0.498354	-0.498354	-1.495062
1.990000	-2.406200	0.000000	0.012957	0.019436	0.000000	0.498354	-0.498354	-1.495062
2.000000	-2.405200	0.000000	0.006479	0.012957	0.000000	0.498354	-0.498354	-1.495062
2.010000	-2.404200	0.000000	0.006479	0.012957	0.000000	0.498354	-0.498354	-1.495062
2.020000	-2.403300	0.000000	0.012957	0.019436	0.000000	0.498354	-0.498354	-1.495062
2.030000	-2.402200	0.000000	0.012957	0.019436	-0.019934	0.498354	-0.498354	-1.495062
2.040000	-2.401200	0.000000	0.012957	0.019436	-0.019934	0.498354	-0.498354	-1.495062
2.050000	-2.400300	0.000000	0.012957	0.019436	-0.019934	0.498354	-0.498354	-1.495062
2.060000	-2.399300	0.000000	0.012957	0.019436	-0.019934	0.498354	-0.498354	-1.495062
2.070000	-2.398300	0.000000	0.012957	0.019436	0.000000	0.498354	-0.498354	-1.495062
2.080000	-2.397200	0.000000	0.006479	0.019436	-0.019934	0.498354	-0.498354	-1.495062
2.090000	-2.396200	0.000000	0.012957	0.019436	-0.019934	0.498354	-0.498354	-1.495062
2.100000	-2.395200	0.000000	0.012957	0.019436	-0.019934	0.498354	-0.996708	-1.495062
2.110000	-2.394200	0.000000	0.012957	0.019436	-0.019934	0.498354	-0.996708	-1.495062
2.120000	-2.393300	0.000000	0.012957	0.019436	-0.019934	0.498354	-0.996708	-1.495062
2.130000	-2.392200	0.000000	0.012957	0.019436	-0.019934	0.498354	-0.498354	-1.495062
2.140000	-2.391300	0.000000	0.006479	0.025914	-0.019934	0.498354	-0.498354	-1.495062
2.150000	-2.390100	0.000000	0.012957	0.025914	-0.019934	0.498354	-0.996708	-1.495062
2.160000	-2.389200	0.000000	0.012957	0.019436	-0.019934	0.498354	-0.996708	-1.495062
2.170000	-2.388200	0.000000	0.012957	0.019436	-0.019934	0.498354	-0.996708	-1.495062
2.180000	-2.387200	0.000000	0.012957	0.025914	-0.019934	0.498354	-0.996708	-1.495062
2.190000	-2.386300	0.000000	0.012957	0.025914	-0.019934	0.996708	-0.996708	-1.495062
2.200000	-2.385200	0.000000	0.012957	0.025914	-0.019934	0.996708	-0.996708	-1.495062
2.210000	-2.384300	0.000000	0.012957	0.025914	-0.019934	0.996708	-0.996708	-1.993416
2.220000	-2.383300	0.000000	0.012957	0.025914	-0.019934	0.996708	-0.996708	-1.993416
2.230000	-2.382200	0.000000	0.012957	0.025914	-0.019934	0.996708	-0.996708	-1.993416
2.240000	-2.381200	0.000000	0.012957	0.025914	-0.019934	0.996708	-0.996708	-1.993416
2.250000	-2.380200	0.000000	0.012957	0.025914	-0.019934	0.996708	-0.996708	-1.993416
2.260000	-2.379300	0.000000	0.012957	0.025914	-0.019934	0.996708	-0.996708	-1.993416
2.270000	-2.378200	0.000000	0.012957	0.025914	-0.019934	0.996708	-0.996708	-1.993416
2.280000	-2.377200	0.000000	0.012957	0.025914	-0.019934	0.996708	-0.996708	-1.993416
2.290000	-2.376300	0.000000	0.012957	0.025914	-0.019934	0.996708	-0.996708	-1.993416
2.300000	-2.375200	0.000000	0.012957	0.025914	-0.019934	0.996708	-0.996708	-1.993416
2.310000	-2.374300	0.000000	0.012957	0.025914	-0.019934	0.996708	-0.996708	-1.993416
2.320000	-2.373100	0.000000	0.012957	0.025914	-0.019934	0.996708	-0.996708	-1.993416
2.330000	-2.372300	0.000000	0.012957	0.025914	-0.019934	0.996708	-0.996708	-1.993416
2.340000	-2.371200	0.000000	0.012957	0.032393	-0.019934	0.996708	-0.996708	-1.993416
2.350000	-2.370200	0.000000	0.019436	0.032393	-0.019934	0.996708	-0.996708	-1.993416
2.360000	-2.369300	0.000000	0.019436	0.032393	-0.019934	0.996708	-0.996708	-1.993416
2.370000	-2.368200	0.000000	0.012957	0.025914	-0.019934	0.996708	-0.996708	-1.993416
2.380000	-2.367200	0.000000	0.012957	0.025914	-0.019934	0.996708	-0.996708	-1.993416
2.390000	-2.366200	0.000000	0.012957	0.032393	-0.019934	0.996708	-0.996708	-1.993416
2.400000	-2.365300	0.000000	0.012957	0.032393	-0.019934	0.996708	-0.996708	-1.993416
2.410000	-2.364200	0.000000	0.019436	0.032393	-0.019934	0.996708	-0.996708	-1.993416
2.420000	-2.363200	0.000000	0.019436	0.032393	-0.019934	0.996708	-0.996708	-1.993416
2.430000	-2.362300	0.000000	0.012957	0.032393	-0.019934	0.996708	-0.996708	-1.993416
2.440000	-2.361200	0.000000	0.012957	0.032393	-0.019934	0.996708	-0.996708	-1.993416
2.450000	-2.360300	0.000000	0.012957	0.032393	-0.019934	0.996708	-0.996708	-1.993416
2.460000	-2.359200	0.000000	0.012957	0.032393	-0.019934	0.996708	-0.996708	-2.491770
2.470000	-2.358300	0.000000	0.019436	0.032393	-0.019934	0.996708	-0.996708	-2.491770
2.480000	-2.357200	0.000000	0.019436	0.032393	-0.019934	0.996708	-0.996708	-2.491770
2.490000	-2.356200	0.000000	0.012957	0.032393	-0.019934	0.996708	-0.996708	-2.491770
2.500000	-2.355200	0.000000	0.012957	0.032393	-0.019934	0.996708	-0.996708	-2.491770
2.510000	-2.354300	0.000000	0.012957	0.032393	-0.019934	0.996708	-0.996708	-2.491770
2.520000	-2.353100	0.000000	0.019436	0.032393	-0.019934	0.996708	-1.495062	-2.491770
2.530000	-2.352300	0.000000	0.019436	0.032393	-0.019934	0.996708	-1.495062	-2.491770
2.540000	-2.351200	0.000000	0.019436	0.032393	-0.019934	0.996708	-1.495062	-2.491770
2.550000	-2.350300	0.000000	0.019436	0.032393	-0.019934	0.996708	-1.495062	-2.491770
2.560000	-2.349200	0.000000	0.019436	0.038872	-0.019934	0.996708	-1.495062	-2.491770
2.570000	-2.348200	0.000000	0.019436	0.032393	-0.019934	0.996708	-1.495062	-2.491770
2.580000	-2.347200	0.000000	0.019436	0.032393	-0.019934	0.996708	-1.495062	-2.491770
2.590000	-2.346200	0.000000	0.019436	0.038872	-0.019934	0.996708	-1.495062	-2.491770
2.600000	-2.345200	0.000000	0.019436	0.038872	-0.019934	0.996708	-1.495062	-2.491770
2.610000	-2.344300	0.000000	0.019436	0.038872	-0.019934	0.996708	-1.495062	-2.491770
2.620000	-2.343200	0.000000	0.019436	0.038872	-0.019934	0.996708	-1.495062	-2.491770
2.630000	-2.342300	0.000000	0.019436	0.032393	-0.019934	0.996708	-1.495062	-2.491770
2.640000	-2.341300	0.000000	0.019436	0.038872	-0.019934	0.996708	-1.495062	-2.491770
2.650000	-2.340200	0.000000	0.019436	0.038872	-0.019934	0.996708	-1.495062	-2.491770
2.660000	-2.339300	0.000000	0.019436	0.038872	-0.019934	0.996708	-1.495062	-2.491770
2.670000	-2.338200	0.000000	0.019436	0.038872	-0.019934	0.996708	-1.495062	-2.491770
2.680000	-2.337300	0.000000	0.019436	0.038872	-0.019934	0.996708	-1.495062	-2.491770
2.690000	-2.336200	0.000000	0.019436	0.038872	-0.019934	0.996708	-1.495062	-2.491770
2.700000	-2.335200	0.000000	0.019436	0.038872	-0.019934	0.996708	-1.495062	-2.491770
2.710000	-2.334200	0.000000	0.019436	0.038872	-0.019934	1.495062	-1.495062	-2.491770
2.720000	-2.333200	0.000000	0.019436	0.038872	-0.019934	1.495062	-1.495062	-2.491770
2.730000	-2.332200	0.000000	0.019436	0.038872	-0.019934	1.495062	-1.495062	-2.990125
2.740000	-2.331200	0.000000	0.019436	0.038872	-0.019934	0.996708	-1.495062	-2.990125
2.750000	-2.330200	0.000000	0.019436	0.038872	-0.019934	1.495062	-1.495062	-2.990125
2.760000	-2.329200	0.000000	0.019436	0.045350	-0.019934	1.495062	-1.495062	-2.990125
2.770000	-2.328200	0.000000	0.019436	0.045350	-0.019934	1.495062	-1.495062	-2.990125
2.780000	-2.327200	0.000000	0.019436	0.038872	-0.019934	1.495062	-1.495062	-2.990125
2.790000	-2.326200	0.000000	0.019436	0.038872	-0.019934	1.495062	-1.495062	-2.990125
2.800000	-2.325200	0.000000	0.019436	0.038872	-0.019934	1.495062	-1.495062	-2.990125
2.810000	-2.324200	0.000000	0.019436	0.038872	-0.019934	1.495062	-1.495062	-2.990125
2.820000	-2.323200	0.000000	0.019436	0.038872	-0.039868	1.495062	-1.495062	-2.990125
2.830000	-2.322300	0.000000	0.019436	0.045350	-0.039868	1.495062	-1.495062	-2.990125
2.840000	-2.321300	0.000000	0.019436	0.045350	-0.039868	1.495062	-1.495062	-2.990125
2.850000	-2.320400	0.000000	0.019436	0.045350	-0.039868	1.495062	-1.495062	-2.990125
2.860000	-2.319300	0.000000	0.019436	0.038872	-0.019934	1.495062	-1.495062	-2.990125
2.870000	-2.318200	0.000000	0.019436	0.038872	-0.019934	1.495062	-1.495062	-2.990125
2.880000	-2.317100	0.000000	0.019436	0.045350	-0.039868	1.495062	-1.495062	-2.990125
2.890000	-2.316200	0.000000	0.019436	0.045350	-0.039868	1.495062	-1.495062	-2.990125
2.900000	-2.315200	0.000000	0.019436	0.045350	-0.039868	1.495062	-1.495062	-2.990125
2.910000	-2.314300	0.000000	0.019436	0.045350	-0.019934	1.495062	-1.495062	-2.990125
2.920000	-2.313100	0.000000	0.019436	0.045350	-0.019934	1.495062	-1.495062	-2.990125
2.930000	-2.312300	0.000000	0.019436	0.045350	-0.039868	1.495062	-1.495062	-2.990125
2.940000	-2.311200	0.000000	0.019436	0.045350	-0.039868	1.495062	-1.495062	-2.990125
2.950000	-2.310200	0.000000	0.019436	0.045350	-0.039868	1.495062	-1.495062	-2.990125
2.960000	-2.309200	0.000000	0.019436	0.045350	-0.039868	1.495062	-1.495062	-2.990125
2.970000	-2.308100	0.000000	0.019436	0.045350	-0.039868	1.495062	-1.495062	-2.990125
2.980000	-2.307200	0.000000	0.019436	0.045350	-0.039868	1.495062	-1.495062	-2.990125
2.990000	-2.306100	0.000000	0.025914	0.045350	-0.039868	1.495062	-1.993416	-2.990125
3.000000	-2.305300	0.000000	0.019436	0.051829	-0.039868	1.495062	-1.495062	-2.990125
3.010000	-2.304300	0.000000	0.019436	0.045350	-0.039868	1.495062	-1.495062	-3.488479
3.020000	-2.303300	0.000000	0.019436	0.045350	-0.039868	1.495062	-1.495062	-3.488479
3.030000	-2.302100	0.000000	0.019436	0.045350	-0.039868	1.495062	-1.993416	-3.488479
3.040000	-2.301200	0.000000	0.019436	0.045350	-0.039868	1.495062	-1.993416	-3.488479
3.050000	-2.300100	0.000000	0.019436	0.045350	-0.039868	1.495062	-1.495062	-3.488479
3.060000	-2.299300	0.000000	0.019436	0.045350	-0.039868	1.495062	-1.495062	-3.488479
3.070000	-2.298300	0.000000	0.025914	0.045350	-0.039868	1.495062	-1.993416	-3.488479
3.080000	-2.297200	0.000000	0.025914	0.051829	-0.039868	1.495062	-1.993416	-3.488479
3.090000	-2.296100	0.000000	0.025914	0.051829	-0.039868	1.495062	-1.993416	-3.488479
3.100000	-2.295200	0.000000	0.025914	0.051829	-0.039868	1.495062	-1.993416	-3.488479
3.110000	-2.294200	0.000000	0.019436	0.051829	-0.039868	1.495062	-1.993416	-3.488479
3.120000	-2.293200	0.000000	0.019436	0.051829	-0.039868	1.495062	-1.993416	-3.488479
3.130000	-2.292200	0.000000	0.025914	0.051829	-0.039868	1.495062	-1.993416	-3.488479
3.140000	-2.291100	0.000000	0.025914	0.051829	-0.039868	1.495062	-1.993416	-3.488479
3.150000	-2.290400	0.000000	0.025914	0.051829	-0.039868	1.495062	-1.993416	-3.488479
3.160000	-2.289200	0.000000	0.025914	0.051829	-0.039868	1.495062	-1.993416	-3.488479
3.170000	-2.288200	0.000000	0.019436	0.051829	-0.039868	1.495062	-1.993416	-3.488479
3.180000	-2.287300	0.000000	0.019436	0.051829	-0.039868	1.495062	-1.993416	-3.488479
3.190000	-2.286200	0.000000	0.025914	0.051829	-0.039868	1.495062	-1.993416	-3.488479
3.200000	-2.285200	0.000000	0.025914	0.051829	-0.039868	1.495062	-1.993416	-3.488479
3.210000	-2.284200	0.000000	0.025914	0.051829	-0.039868	1.495062	-1.993416	-3.488479
3.220000	-2.283200	0.000000	0.025914	0.051829	-0.039868	1.495062	-1.993416	-3.488479
3.230000	-2.282300	0.000000	0.025914	0.051829	-0.039868	1.993416	-1.993416	-3.488479
3.240000	-2.281200	0.000000	0.025914	0.051829	-0.039868	1.993416	-1.993416	-3.488479
3.250000	-2.280300	0.000000	0.025914	0.051829	-0.039868	1.495062	-1.993416	-3.488479
3.260000	-2.279500	0.000000	0.025914	0.051829	-0.039868	1.495062	-1.993416	-3.488479
3.270000	-2.278000	0.000000	0.025914	0.051829	-0.039868	1.495062	-1.993416	-3.488479
3.280000	-2.277300	0.000000	0.025914	0.051829	-0.039868	1.495062	-1.993416	-3.488479
3.290000	-2.276200	0.000000	0.025914	0.051829	-0.039868	1.993416	-1.993416	-3.488479
3.300000	-2.275200	0.000000	0.025914	0.051829	-0.039868	1.495062	-1.993416	-3.488479
3.310000	-2.274300	0.000000	0.025914	0.051829	-0.039868	1.993416	-1.993416	-3.488479
3.320000	-2.273200	0.000000	0.025914	0.051829	-0.039868	1.993416	-1.993416	-3.488479
3.330000	-2.272200	0.000000	0.025914	0.051829	-0.039868	1.993416	-1.993416	-3.488479
3.340000	-2.271200	0.000000	0.025914	0.051829	-0.039868	1.993416	-1.993416	-3.488479
3.350000	-2.270200	0.000000	0.025914	0.051829	-0.039868	1.993416	-1.993416	-3.488479
3.360000	-2.269400	0.000000	0.025914	0.051829	-0.039868	1.993416	-1.993416	-3.488479
3.370000	-2.268100	0.000000	0.025914	0.051829	-0.039868	1.993416	-1.993416	-3.488479
3.380000	-2.267300	0.000000	0.025914	0.051829	-0.039868	1.993416	-1.993416	-3.986833
3.390000	-2.266200	0.000000	0.025914	0.051829	-0.039868	1.993416	-1.993416	-3.986833
3.400000	-2.265100	0.000000	0.025914	0.051829	-0.039868	1.993416	-1.993416	-3.986833
3.410000	-2.264200	0.000000	0.025914	0.051829	-0.039868	1.993416	-1.993416	-3.986833
3.420000	-2.263200	0.000000	0.025914	0.051829	-0.039868	1.993416	-1.993416	-3.986833
3.430000	-2.262200	0.000000	0.025914	0.051829	-0.059802	1.993416	-1.993416	-3.986833
3.440000	-2.261300	0.000000	0.025914	0.058307	-0.059802	1.993416	-1.993416	-3.986833
3.450000	-2.260300	0.000000	0.025914	0.058307	-0.059802	1.993416	-1.993416	-3.986833
3.460000	-2.259200	0.000000	0.025914	0.058307	-0.039868	1.993416	-1.993416	-3.986833
3.470000	-2.258200	0.000000	0.025914	0.058307	-0.039868	1.993416	-1.993416	-3.986833
3.480000	-2.257200	0.000000	0.025914	0.058307	-0.039868	1.993416	-1.993416	-3.986833
3.490000	-2.256200	0.000000	0.025914	0.058307	-0.039868	1.993416	-1.993416	-3.986833
3.500000	-2.255200	0.000000	0.025914	0.058307	-0.059802	1.993416	-1.993416	-3.986833
3.510000	-2.254200	0.000000	0.025914	0.058307	-0.059802	1.993416	-1.993416	-3.986833
3.520000	-2.253200	0.000000	0.025914	0.058307	-0.059802	1.993416	-1.993416	-3.986833
3.530000	-2.252200	0.000000	0.025914	0.058307	-0.059802	1.993416	-1.993416	-3.986833
3.540000	-2.251200	0.000000	0.025914	0.058307	-0.059802	1.993416	-1.993416	-3.986833
3.550000	-2.250100	0.000000	0.025914	0.058307	-0.059802	1.993416	-1.993416	-3.986833
3.560000	-2.249200	0.000000	0.025914	0.058307	-0.059802	1.993416	-1.993416	-3.986833
3.570000	-2.248300	0.000000	0.025914	0.058307	-0.059802	1.993416	-1.993416	-3.986833
3.580000	-2.247300	0.000000	0.025914	0.058307	-0.059802	1.993416	-1.993416	-3.986833
3.590000	-2.246200	0.000000	0.025914	0.058307	-0.059802	1.993416	-1.993416	-3.986833
3.600000	-2.245200	0.000000	0.025914	0.058307	-0.059802	1.993416	-1.993416	-3.986833
3.610000	-2.244200	0.000000	0.025914	0.058307	-0.059802	1.993416	-1.993416	-3.986833
3.620000	-2.243300	0.000000	0.025914	0.058307	-0.059802	1.993416	-1.993416	-3.986833
3.630000	-2.242100	0.000000	0.025914	0.058307	-0.059802	1.993416	-1.993416	-3.986833
3.640000	-2.241300	0.000000	0.025914	0.058307	-0.059802	1.993416	-1.993416	-3.986833
3.650000	-2.240300	0.000000	0.025914	0.058307	-0.059802	1.993416	-1.993416	-3.986833
3.660000	-2.239200	0.000000	0.025914	0.058307	-0.059802	1.993416	-1.993416	-3.986833
3.670000	-2.238200	0.000000	0.025914	0.058307	-0.059802	1.993416	-1.993416	-3.986833
3.680000	-2.237200	0.000000	0.025914	0.058307	-0.059802	1.993416	-1.993416	-3.986833
3.690000	-2.236200	0.000000	0.025914	0.058307	-0.059802	1.993416	-1.993416	-3.986833
3.700000	-2.235300	0.000000	0.025914	0.058307	-0.059802	1.993416	-1.993416	-3.986833
3.710000	-2.234200	0.000000	0.025914	0.058307	-0.059802	1.993416	-1.993416	-3.986833
3.720000	-2.233200	0.000000	0.025914	0.058307	-0.059802	1.993416	-1.993416	-3.986833
3.730000	-2.232200	0.000000	0.025914	0.058307	-0.059802	1.993416	-1.993416	-3.986833
3.740000	-2.231200	0.000000	0.025914	0.058307	-0.059802	1.993416	-1.993416	-3.986833
3.750000	-2.230300	0.000000	0.025914	0.058307	-0.059802	1.993416	-1.993416	-3.986833
3.760000	-2.229200	0.000000	0.025914	0.058307	-0.059802	1.993416	-1.993416	-3.986833
3.770000	-2.228200	0.000000	0.025914	0.058307	-0.059802	1.993416	-1.993416	-3.986833
3.780000	-2.227200	0.000000	0.025914	0.058307	-0.059802	1.993416	-1.993416	-3.986833
3.790000	-2.226300	0.000000	0.025914	0.058307	-0.059802	1.993416	-1.993416	-3.986833
3.800000	-2.225200	0.000000	0.025914	0.058307	-0.059802	1.993416	-1.993416	-3.986833
3.810000	-2.224200	0.000000	0.032393	0.064786	-0.059802	1.993416	-2.491770	-4.485187
3.820000	-2.223200	0.000000	0.032393	0.064786	-0.059802	1.993416	-2.491770	-4.485187
3.830000	-2.222300	0.000000	0.025914	0.058307	-0.059802	1.993416	-1.993416	-3.986833
3.840000	-2.221300	0.000000	0.025914	0.058307	-0.059802	1.993416	-1.993416	-3.986833
3.850000	-2.220200	0.000000	0.019436	0.058307	-0.059802	1.993416	-1.993416	-4.485187
3.860000	-2.219100	0.000000	0.025914	0.064786	-0.059802	1.993416	-1.993416	-4.485187
3.870000	-2.218300	0.000000	0.032393	0.064786	-0.059802	1.993416	-2.491770	-4.485187
3.880000	-2.217100	0.000000	0.032393	0.058307	-0.059802	1.993416	-2.491770	-4.485187
3.890000	-2.216300	0.000000	0.025914	0.058307	-0.059802	1.993416	-1.993416	-4.485187
3.900000	-2.215300	0.000000	0.025914	0.058307	-0.059802	1.993416	-1.993416	-4.485187
3.910000	-2.214200	0.000000	0.025914	0.064786	-0.059802	1.993416	-1.993416	-4.485187
3.920000	-2.213100	0.000000	0.025914	0.064786	-0.059802	1.993416	-2.491770	-4.485187
3.930000	-2.212200	0.000000	0.032393	0.064786	-0.059802	1.993416	-2.491770	-4.485187
3.940000	-2.211200	0.000000	0.032393	0.058307	-0.059802	1.993416	-2.491770	-4.485187
3.950000	-2.210200	0.000000	0.025914	0.058307	-0.059802	1.993416	-2.491770	-4.485187
3.960000	-2.209300	0.000000	0.025914	0.064786	-0.059802	1.993416	-1.993416	-4.485187
3.970000	-2.208300	0.000000	0.025914	0.064786	-0.079737	1.993416	-1.993416	-4.485187
3.980000	-2.207300	0.000000	0.025914	0.064786	-0.079737	1.993416	-1.993416	-4.485187
3.990000	-2.206200	0.000000	0.032393	0.058307	-0.059802	1.993416	-2.491770	-4.485187
4.000000	-2.205200	0.000000	0.032393	0.058307	-0.079737	1.993416	-2.491770	-4.485187
4.010000	-2.204300	0.000000	0.025914	0.064786	-0.079737	1.993416	-2.491770	-4.485187
4.020000	-2.203100	0.000000	0.025914	0.064786	-0.079737	2.491770	-2.491770	-4.485187
4.030000	-2.202300	0.000000	0.025914	0.064786	-0.079737	1.993416	-2.491770	-4.485187
4.040000	-2.201200	0.000000	0.025914	0.064786	-0.079737	1.993416	-2.491770	-4.485187
4.050000	-2.200200	0.000000	0.032393	0.058307	-0.079737	1.993416	-2.491770	-4.485187
4.060000	-2.199300	0.000000	0.025914	0.064786	-0.079737	1.993416	-2.491770	-4.485187
4.070000	-2.198200	0.000000	0.025914	0.064786	-0.079737	2.491770	-2.491770	-4.485187
4.080000	-2.197300	0.000000	0.025914	0.064786	-0.079737	2.491770	-2.491770	-4.485187
4.090000	-2.196200	0.000000	0.025914	0.064786	-0.079737	1.993416	-2.491770	-4.485187
4.100000	-2.195200	0.000000	0.025914	0.064786	-0.079737	1.993416	-2.491770	-4.485187
4.110000	-2.194200	0.000000	0.025914	0.064786	-0.079737	1.993416	-2.491770	-4.485187
4.120000	-2.193200	0.000000	0.025914	0.064786	-0.079737	2.491770	-2.491770	-4.485187
4.130000	-2.192200	0.000000	0.025914	0.064786	-0.079737	2.491770	-2.491770	-4.485187
4.140000	-2.191200	0.000000	0.025914	0.064786	-0.079737	2.491770	-2.491770	-4.485187
4.150000	-2.190300	0.000000	0.025914	0.064786	-0.079737	1.993416	-2.491770	-4.485187
4.160000	-2.189200	0.000000	0.025914	0.064786	-0.079737	1.993416	-2.491770	-4.485187
4.170000	-2.188300	0.000000	0.025914	0.064786	-0.079737	2.491770	-2.491770	-4.485187
4.180000	-2.187200	0.000000	0.032393	0.064786	-0.079737	2.491770	-2.491770	-4.485187
4.190000	-2.186300	0.000000	0.025914	0.064786	-0.079737	2.491770	-2.491770	-4.485187
4.200000	-2.185200	0.000000	0.025914	0.064786	-0.079737	1.993416	-2.491770	-4.485187
4.210000	-2.184300	0.000000	0.025914	0.064786	-0.079737	1.993416	-2.491770	-4.485187
4.220000	-2.183200	0.000000	0.032393	0.064786	-0.079737	2.491770	-2.491770	-4.485187
4.230000	-2.182300	0.000000	0.032393	0.071265	-0.079737	2.491770	-2.491770	-4.485187
4.240000	-2.181200	0.000000	0.025914	0.064786	-0.079737	2.491770	-2.491770	-4.485187
4.250000	-2.180100	0.000000	0.025914	0.064786	-0.079737	1.993416	-2.491770	-4.485187
4.260000	-2.179300	0.000000	0.025914	0.064786	-0.079737	2.491770	-2.491770	-4.485187
4.270000	-2.178200	0.000000	0.032393	0.071265	-0.079737	2.491770	-2.491770	-4.485187
4.280000	-2.177200	0.000000	0.032393	0.071265	-0.079737	2.491770	-2.491770	-4.485187
4.290000	-2.176100	0.000000	0.025914	0.071265	-0.079737	2.491770	-2.491770	-4.485187
4.300000	-2.175100	0.000000	0.025914	0.064786	-0.079737	2.491770	-2.491770	-4.485187
4.310000	-2.174300	0.000000	0.025914	0.064786	-0.079737	2.491770	-2.491770	-4.983541
4.320000	-2.173200	0.000000	0.032393	0.071265	-0.099671	2.491770	-2.491770	-4.983541
4.330000	-2.172300	0.000000	0.032393	0.071265	-0.099671	2.491770	-2.491770	-4.983541
4.340000	-2.171200	0.000000	0.025914	0.071265	-0.079737	2.491770	-2.491770	-4.983541
4.350000	-2.170100	0.000000	0.025914	0.064786	-0.079737	2.491770	-2.491770	-4.983541
4.360000	-2.169300	0.000000	0.032393	0.064786	-0.099671	2.491770	-2.491770	-4.983541
4.370000	-2.168200	0.000000	0.032393	0.071265	-0.099671	2.491770	-2.491770	-4.983541
4.380000	-2.167200	0.000000	0.032393	0.071265	-0.099671	2.491770	-2.491770	-4.983541
4.390000	-2.166200	0.000000	0.025914	0.071265	-0.099671	2.491770	-2.491770	-4.983541
4.400000	-2.165200	0.000000	0.025914	0.064786	-0.099671	2.491770	-2.491770	-4.983541
4.410000	-2.164300	0.000000	0.032393	0.064786	-0.099671	2.491770	-2.491770	-4.983541
4.420000	-2.163200	0.000000	0.032393	0.071265	-0.099671	2.491770	-2.491770	-4.983541
4.430000	-2.162300	0.000000	0.025914	0.071265	-0.099671	2.491770	-2.491770	-4.983541
4.440000	-2.161200	0.000000	0.032393	0.071265	-0.099671	2.491770	-2.491770	-4.983541
4.450000	-2.160200	0.000000	0.032393	0.071265	-0.099671	2.491770	-2.491770	-4.983541
4.460000	-2.159200	0.000000	0.032393	0.071265	-0.099671	2.491770	-2.491770	-4.983541
4.470000	-2.158200	0.000000	0.025914	0.071265	-0.099671	2.491770	-2.491770	-4.983541
4.480000	-2.157200	0.000000	0.032393	0.071265	-0.099671	2.491770	-2.491770	-4.983541
4.490000	-2.156200	0.000000	0.032393	0.071265	-0.099671	2.491770	-2.491770	-4.983541
4.500000	-2.155300	0.000000	0.032393	0.071265	-0.099671	2.491770	-2.491770	-4.983541
4.510000	-2.154200	0.000000	0.025914	0.071265	-0.099671	2.491770	-2.491770	-4.983541
4.520000	-2.153200	0.000000	0.025914	0.071265	-0.099671	2.491770	-2.491770	-4.983541
4.530000	-2.152200	0.000000	0.032393	0.077743	-0.099671	2.491770	-2.491770	-4.983541
4.540000	-2.151200	0.000000	0.032393	0.077743	-0.099671	2.491770	-2.491770	-4.983541
4.550000	-2.150200	0.000000	0.032393	0.071265	-0.099671	2.491770	-2.491770	-4.983541
4.560000	-2.149300	0.000000	0.025914	0.071265	-0.099671	2.491770	-2.491770	-4.983541
4.570000	-2.148200	0.000000	0.032393	0.071265	-0.099671	2.491770	-2.491770	-4.983541
4.580000	-2.147300	0.000000	0.032393	0.077743	-0.099671	2.491770	-2.491770	-4.983541
4.590000	-2.146300	0.000000	0.032393	0.071265	-0.099671	2.491770	-2.491770	-4.983541
4.600000	-2.145300	0.000000	0.025914	0.071265	-0.099671	2.491770	-2.491770	-4.983541
4.610000	-2.144100	0.000000	0.025914	0.071265	-0.099671	2.491770	-2.491770	-4.983541
4.620000	-2.143300	0.000000	0.032393	0.071265	-0.099671	2.491770	-2.491770	-4.983541
4.630000	-2.142200	0.000000	0.032393	0.077743	-0.099671	2.491770	-2.491770	-4.983541
4.640000	-2.141200	0.000000	0.032393	0.077743	-0.099671	2.491770	-2.491770	-4.983541
4.650000	-2.140200	0.000000	0.025914	0.071265	-0.099671	2.491770	-2.491770	-4.983541
4.660000	-2.139200	0.000000	0.032393	0.071265	-0.099671	2.491770	-2.491770	-4.983541
4.670000	-2.138200	0.000000	0.032393	0.077743	-0.099671	2.491770	-2.491770	-4.983541
4.680000	-2.137300	0.000000	0.032393	0.077743	-0.099671	2.491770	-2.491770	-4.983541
4.690000	-2.136100	0.000000	0.032393	0.077743	-0.119605	2.491770	-2.491770	-4.983541
4.700000	-2.135300	0.000000	0.032393	0.077743	-0.119605	2.491770	-2.491770	-5.481895
4.710000	-2.134200	0.000000	0.032393	0.077743	-0.119605	2.491770	-2.491770	-5.481895
4.720000	-2.133300	0.000000	0.032393	0.077743	-0.119605	2.491770	-2.491770	-5.481895
4.730000	-2.132200	0.000000	0.032393	0.077743	-0.119605	2.491770	-2.491770	-5.481895
4.740000	-2.131200	0.000000	0.032393	0.077743	-0.119605	2.491770	-2.491770	-5.481895
4.750000	-2.130200	0.000000	0.032393	0.077743	-0.119605	2.491770	-2.491770	-5.481895
4.760000	-2.129100	0.000000	0.032393	0.077743	-0.119605	2.491770	-2.491770	-5.481895
4.770000	-2.128200	0.000000	0.032393	0.077743	-0.119605	2.491770	-2.491770	-5.481895
4.780000	-2.127300	0.000000	0.032393	0.077743	-0.119605	2.491770	-2.491770	-5.481895
4.790000	-2.126100	0.000000	0.032393	0.077743	-0.119605	2.491770	-2.491770	-5.481895
4.800000	-2.125200	0.000000	0.032393	0.077743	-0.119605	2.990125	-2.491770	-5.481895
4.810000	-2.124300	0.000000	0.032393	0.077743	-0.119605	2.990125	-2.491770	-5.481895
4.820000	-2.123300	0.000000	0.032393	0.077743	-0.119605	2.990125	-2.491770	-5.481895
4.830000	-2.122200	0.000000	0.032393	0.077743	-0.119605	2.990125	-2.491770	-5.481895
4.840000	-2.121300	0.000000	0.032393	0.077743	-0.119605	2.990125	-2.491770	-5.481895
4.850000	-2.120300	0.000000	0.032393	0.077743	-0.119605	2.990125	-2.491770	-5.481895
4.860000	-2.119300	0.000000	0.032393	0.077743	-0.119605	2.990125	-2.491770	-5.481895
4.870000	-2.118300	0.000000	0.032393	0.077743	-0.119605	2.990125	-2.491770	-5.481895
4.880000	-2.117100	0.000000	0.032393	0.077743	-0.119605	2.990125	-2.491770	-5.481895
4.890000	-2.116200	0.000000	0.032393	0.077743	-0.119605	2.990125	-2.491770	-5.481895
4.900000	-2.115200	0.000000	0.032393	0.077743	-0.119605	2.990125	-2.491770	-5.481895
4.910000	-2.114200	0.000000	0.032393	0.077743	-0.119605	2.990125	-2.491770	-5.481895
4.920000	-2.113200	0.000000	0.032393	0.077743	-0.119605	2.990125	-2.491770	-5.481895
4.930000	-2.112200	0.000000	0.032393	0.077743	-0.119605	2.990125	-2.491770	-5.481895
4.940000	-2.111200	0.000000	0.032393	0.077743	-0.139539	2.990125	-2.491770	-5.481895
4.950000	-2.110300	0.000000	0.032393	0.077743	-0.139539	2.990125	-2.491770	-5.481895
4.960000	-2.109200	0.000000	0.032393	0.077743	-0.139539	2.990125	-2.491770	-5.481895
4.970000	-2.108200	0.000000	0.032393	0.077743	-0.139539	2.990125	-2.491770	-5.481895
4.980000	-2.107200	0.000000	0.032393	0.077743	-0.139539	2.990125	-2.491770	-5.481895
4.990000	-2.106200	0.000000	0.032393	0.077743	-0.139539	2.990125	-2.491770	-5.481895
5.000000	-2.105300	0.000000	0.032393	0.077743	-0.139539	2.990125	-2.491770	-5.481895
5.010000	-2.104200	0.000000	0.032393	0.084222	-0.139539	2.990125	-2.491770	-5.481895
5.020000	-2.103200	0.000000	0.032393	0.084222	-0.139539	2.990125	-2.491770	-5.481895
5.030000	-2.102100	0.000000	0.032393	0.077743	-0.139539	2.990125	-2.491770	-5.481895
5.040000	-2.101200	0.000000	0.032393	0.077743	-0.139539	2.990125	-2.491770	-5.481895
5.050000	-2.100200	0.000000	0.032393	0.084222	-0.139539	2.990125	-2.491770	-5.481895
5.060000	-2.099200	0.000000	0.032393	0.084222	-0.139539	2.990125	-2.491770	-5.481895
5.070000	-2.098300	0.000000	0.032393	0.084222	-0.139539	2.990125	-2.491770	-5.481895
5.080000	-2.097300	0.000000	0.025914	0.084222	-0.139539	2.990125	-2.491770	-5.481895
5.090000	-2.096200	0.000000	0.032393	0.084222	-0.139539	2.990125	-2.491770	-5.481895
5.100000	-2.095300	0.000000	0.032393	0.084222	-0.139539	2.990125	-2.491770	-5.481895
5.110000	-2.094100	0.000000	0.032393	0.084222	-0.139539	2.990125	-2.491770	-5.481895
5.120000	-2.093200	0.000000	0.025914	0.084222	-0.139539	2.990125	-2.491770	-5.481895
5.130000	-2.092200	0.000000	0.025914	0.084222	-0.139539	2.990125	-2.491770	-5.481895
5.140000	-2.091200	0.000000	0.032393	0.084222	-0.139539	2.990125	-2.491770	-5.481895
5.150000	-2.090200	0.000000	0.032393	0.084222	-0.159473	2.990125	-2.491770	-5.481895
5.160000	-2.089300	0.000000	0.032393	0.084222	-0.159473	2.990125	-2.491770	-5.481895
5.170000	-2.088200	0.000000	0.025914	0.084222	-0.159473	2.990125	-2.491770	-5.481895
5.180000	-2.087200	0.000000	0.032393	0.084222	-0.159473	2.990125	-2.491770	-5.980249
5.190000	-2.086200	0.000000	0.032393	0.084222	-0.159473	2.990125	-2.491770	-5.980249
5.200000	-2.085200	0.000000	0.032393	0.084222	-0.159473	2.990125	-2.491770	-5.980249
5.210000	-2.084200	0.000000	0.025914	0.084222	-0.159473	2.990125	-2.491770	-5.980249
5.220000	-2.083300	0.000000	0.025914	0.084222	-0.159473	2.990125	-2.491770	-5.980249
5.230000	-2.082200	0.000000	0.032393	0.084222	-0.159473	2.990125	-2.491770	-5.980249
5.240000	-2.081200	0.000000	0.032393	0.084222	-0.159473	2.990125	-2.491770	-5.980249
5.250000	-2.080300	0.000000	0.032393	0.084222	-0.159473	2.990125	-2.491770	-5.980249
5.260000	-2.079200	0.000000	0.025914	0.084222	-0.159473	2.990125	-2.491770	-5.980249
5.270000	-2.078200	0.000000	0.025914	0.084222	-0.159473	2.990125	-2.491770	-5.980249
5.280000	-2.077100	0.000000	0.025914	0.084222	-0.159473	2.990125	-2.491770	-5.980249
5.290000	-2.076200	0.000000	0.032393	0.084222	-0.159473	2.990125	-2.491770	-5.980249
5.300000	-2.075200	0.000000	0.032393	0.084222	-0.159473	2.990125	-2.491770	-5.980249
5.310000	-2.074200	0.000000	0.032393	0.084222	-0.159473	2.990125	-2.491770	-5.980249
5.320000	-2.073200	0.000000	0.025914	0.084222	-0.159473	2.990125	-2.491770	-5.980249
5.330000	-2.072200	0.000000	0.025914	0.084222	-0.159473	2.990125	-2.491770	-5.980249
5.340000	-2.071100	0.000000	0.025914	0.084222	-0.159473	2.990125	-2.491770	-5.980249
5.350000	-2.070300	0.000000	0.032393	0.084222	-0.179407	2.990125	-2.491770	-5.980249
5.360000	-2.069200	0.000000	0.032393	0.084222	-0.179407	2.990125	-2.491770	-5.980249
5.370000	-2.068200	0.000000	0.032393	0.084222	-0.179407	2.990125	-2.491770	-5.980249
5.380000	-2.067300	0.000000	0.025914	0.084222	-0.179407	2.990125	-2.491770	-5.980249
5.390000	-2.066200	0.000000	0.025914	0.084222	-0.179407	2.990125	-2.491770	-5.980249
5.400000	-2.065200	0.000000	0.025914	0.084222	-0.179407	2.990125	-2.491770	-5.980249
5.410000	-2.064200	0.000000	0.032393	0.084222	-0.179407	2.990125	-2.491770	-5.980249
5.420000	-2.063300	0.000000	0.032393	0.084222	-0.179407	2.990125	-2.491770	-5.980249
5.430000	-2.062200	0.000000	0.025914	0.084222	-0.179407	2.990125	-2.491770	-5.980249
5.440000	-2.061300	0.000000	0.025914	0.084222	-0.179407	2.990125	-2.491770	-5.980249
5.450000	-2.060200	0.000000	0.025914	0.084222	-0.179407	2.990125	-2.491770	-5.980249
5.460000	-2.059200	0.000000	0.032393	0.084222	-0.179407	2.990125	-2.491770	-5.980249
5.470000	-2.058200	0.000000	0.032393	0.084222	-0.179407	2.990125	-2.491770	-5.980249
5.480000	-2.057200	0.000000	0.032393	0.084222	-0.179407	2.990125	-2.491770	-5.980249
5.490000	-2.056300	0.000000	0.025914	0.084222	-0.179407	2.990125	-2.491770	-5.980249
5.500000	-2.055200	0.000000	0.025914	0.084222	-0.179407	2.990125	-2.491770	-5.980249
5.510000	-2.054200	0.000000	0.025914	0.084222	-0.179407	2.990125	-2.491770	-5.980249
5.520000	-2.053100	0.000000	0.025914	0.084222	-0.179407	2.990125	-2.491770	-5.980249
5.530000	-2.052200	0.000000	0.025914	0.090700	-0.179407	2.990125	-2.491770	-5.980249
5.540000	-2.051200	0.000000	0.025914	0.084222	-0.179407	2.990125	-2.491770	-5.980249
5.550000	-2.050200	0.000000	0.025914	0.084222	-0.179407	2.990125	-2.491770	-5.980249
5.560000	-2.049200	0.000000	0.032393	0.084222	-0.179407	2.990125	-2.491770	-5.980249
5.570000	-2.048400	0.000000	0.025914	0.084222	-0.179407	2.990125	-2.491770	-5.980249
5.580000	-2.047200	0.000000	0.025914	0.090700	-0.199342	3.488479	-2.491770	-5.980249
5.590000	-2.046300	0.000000	0.025914	0.090700	-0.179407	3.488479	-2.491770	-5.980249
5.600000	-2.045300	0.000000	0.025914	0.084222	-0.179407	2.990125	-2.491770	-5.980249
5.610000	-2.044200	0.000000	0.025914	0.084222	-0.199342	2.990125	-2.491770	-5.980249
5.620000	-2.043200	0.000000	0.032393	0.090700	-0.199342	3.488479	-2.491770	-5.980249
5.630000	-2.042200	0.000000	0.025914	0.090700	-0.199342	3.488479	-2.491770	-5.980249
5.640000	-2.041300	0.000000	0.025914	0.090700	-0.199342	2.990125	-2.491770	-5.980249
5.650000	-2.040300	0.000000	0.025914	0.084222	-0.199342	2.990125	-2.491770	-5.980249
5.660000	-2.039200	0.000000	0.025914	0.084222	-0.199342	2.990125	-2.491770	-5.980249
5.670000	-2.038200	0.000000	0.025914	0.084222	-0.199342	2.990125	-2.491770	-5.980249
5.680000	-2.037200	0.000000	0.032393	0.090700	-0.199342	3.488479	-2.491770	-5.980249
5.690000	-2.036200	0.000000	0.032393	0.090700	-0.199342	3.488479	-2.491770	-5.980249
5.700000	-2.035300	0.000000	0.025914	0.090700	-0.199342	3.488479	-2.491770	-5.980249
5.710000	-2.034200	0.000000	0.025914	0.090700	-0.199342	3.488479	-2.491770	-5.980249
5.720000	-2.033100	0.000000	0.025914	0.090700	-0.199342	3.488479	-2.491770	-5.980249
5.730000	-2.032400	0.000000	0.025914	0.090700	-0.199342	3.488479	-2.491770	-5.980249
5.740000	-2.031500	0.000000	0.032393	0.090700	-0.199342	3.488479	-2.491770	-5.980249
5.750000	-2.030900	0.000000	0.032393	0.090700	-0.199342	3.488479	-2.491770	-5.980249
5.760000	-2.030500	0.000000	0.032393	0.090700	-0.199342	3.488479	-2.491770	-5.980249
5.770000	-2.030300	0.000000	0.025914	0.090700	-0.199342	3.488479	-2.491770	-5.980249
5.780000	-2.030200	0.000000	0.032393	0.090700	-0.199342	3.488479	-2.491770	-5.980249
5.790000	-2.030100	0.000000	0.032393	0.090700	-0.199342	3.488479	-2.491770	-5.980249
5.800000	-2.030100	0.000000	0.032393	0.090700	-0.199342	3.488479	-2.491770	-5.980249
5.810000	-2.030100	0.000000	0.032393	0.090700	-0.179407	3.488479	-2.491770	-5.980249
5.820000	-2.030100	0.000000	0.032393	0.084222	-0.179407	2.990125	-2.491770	-5.980249
5.830000	-2.030100	0.000000	0.032393	0.084222	-0.179407	2.990125	-2.491770	-5.980249
5.840000	-2.030300	0.000000	0.032393	0.084222	-0.179407	2.990125	-2.491770	-5.980249
5.850000	-2.032400	0.000000	0.032393	0.084222	-0.179407	2.990125	-2.491770	-5.980249
5.860000	-2.034700	0.000000	0.025914	0.084222	-0.179407	2.990125	-2.491770	-5.481895
5.870000	-2.036000	0.000000	0.032393	0.084222	-0.159473	2.990125	-2.491770	-5.481895
5.880000	-2.037200	0.000000	0.032393	0.077743	-0.159473	2.990125	-2.491770	-5.481895
5.890000	-2.038300	0.000000	0.032393	0.084222	-0.159473	2.990125	-2.491770	-5.481895
5.900000	-2.039600	0.000000	0.032393	0.077743	-0.159473	2.990125	-2.491770	-5.481895
5.910000	-2.040700	0.000000	0.025914	0.077743	-0.139539	2.990125	-2.491770	-5.481895
5.920000	-2.041500	0.000000	0.032393	0.077743	-0.139539	2.990125	-2.491770	-5.481895
5.930000	-2.042400	0.000000	0.032393	0.077743	-0.139539	2.990125	-2.491770	-4.983541
5.940000	-2.043500	0.000000	0.032393	0.077743	-0.139539	2.990125	-2.491770	-4.983541
5.950000	-2.044600	0.000000	0.025914	0.077743	-0.139539	2.990125	-2.491770	-4.983541
5.960000	-2.045600	0.000000	0.025914	0.077743	-0.139539	2.990125	-2.491770	-4.983541
5.970000	-2.046500	0.000000	0.025914	0.071265	-0.139539	2.491770	-2.491770	-4.983541
5.980000	-2.047600	0.000000	0.025914	0.071265	-0.119605	2.491770	-2.491770	-4.983541
5.990000	-2.048700	0.000000	0.025914	0.071265	-0.119605	2.491770	-2.491770	-4.983541
6.000000	-2.049500	0.000000	0.025914	0.071265	-0.119605	2.491770	-2.491770	-4.983541
6.010000	-2.050500	0.000000	0.025914	0.071265	-0.119605	2.491770	-2.491770	-4.983541
6.020000	-2.051500	0.000000	0.025914	0.071265	-0.119605	2.491770	-2.491770	-4.983541
6.030000	-2.052600	0.000000	0.025914	0.071265	-0.119605	2.491770	-2.491770	-4.485187
6.040000	-2.053500	0.000000	0.025914	0.071265	-0.119605	2.491770	-2.491770	-4.485187
6.050000	-2.054500	0.000000	0.025914	0.064786	-0.119605	2.491770	-1.993416	-4.485187
6.060000	-2.055500	0.000000	0.025914	0.071265	-0.119605	2.491770	-1.993416	-4.485187
6.070000	-2.056600	0.000000	0.025914	0.064786	-0.119605	2.491770	-1.993416	-4.485187
6.080000	-2.057600	0.000000	0.025914	0.064786	-0.099671	2.491770	-1.993416	-4.485187
6.090000	-2.058600	0.000000	0.025914	0.064786	-0.099671	2.491770	-1.993416	-4.485187
6.100000	-2.059600	0.000000	0.025914	0.064786	-0.099671	2.491770	-1.993416	-4.485187
6.110000	-2.060600	0.000000	0.025914	0.064786	-0.099671	2.491770	-1.993416	-4.485187
6.120000	-2.061600	0.000000	0.025914	0.064786	-0.099671	2.491770	-1.993416	-4.485187
6.130000	-2.062700	0.000000	0.025914	0.064786	-0.099671	2.491770	-1.993416	-3.986833
6.140000	-2.063600	0.000000	0.025914	0.058307	-0.099671	2.491770	-1.993416	-3.986833
6.150000	-2.064600	0.000000	0.025914	0.058307	-0.099671	2.491770	-1.993416	-3.986833
6.160000	-2.065500	0.000000	0.025914	0.058307	-0.099671	2.491770	-1.993416	-3.986833
6.170000	-2.066600	0.000000	0.025914	0.058307	-0.099671	2.491770	-1.993416	-3.986833
6.180000	-2.067600	0.000000	0.025914	0.058307	-0.079737	1.993416	-1.993416	-3.986833
6.190000	-2.068600	0.000000	0.025914	0.058307	-0.079737	1.993416	-1.993416	-3.986833
6.200000	-2.069600	0.000000	0.025914	0.058307	-0.079737	1.993416	-1.993416	-3.986833
6.210000	-2.070500	0.000000	0.025914	0.058307	-0.079737	1.993416	-1.993416	-3.986833
6.220000	-2.071500	0.000000	0.019436	0.058307	-0.079737	1.993416	-1.993416	-3.986833
6.230000	-2.072600	0.000000	0.025914	0.058307	-0.079737	1.993416	-1.993416	-3.986833
6.240000	-2.073600	0.000000	0.019436	0.058307	-0.079737	1.993416	-1.993416	-3.986833
6.250000	-2.074600	0.000000	0.025914	0.058307	-0.079737	1.993416	-1.993416	-3.986833
6.260000	-2.075600	0.000000	0.019436	0.058307	-0.079737	1.993416	-1.993416	-3.488479
6.270000	-2.076600	0.000000	0.019436	0.051829	-0.079737	1.993416	-1.993416	-3.488479
6.280000	-2.077500	0.000000	0.019436	0.051829	-0.079737	1.993416	-1.993416	-3.488479
6.290000	-2.078500	0.000000	0.019436	0.051829	-0.079737	1.993416	-1.993416	-3.488479
6.300000	-2.079700	0.000000	0.019436	0.051829	-0.079737	1.993416	-1.993416	-3.488479
6.310000	-2.080600	0.000000	0.019436	0.051829	-0.079737	1.993416	-1.993416	-3.488479
6.320000	-2.081500	0.000000	0.019436	0.051829	-0.079737	1.993416	-1.993416	-3.488479
6.330000	-2.082600	0.000000	0.019436	0.051829	-0.059802	1.993416	-1.993416	-3.488479
6.340000	-2.083500	0.000000	0.019436	0.051829	-0.059802	1.993416	-1.993416	-3.488479
6.350000	-2.084500	0.000000	0.019436	0.051829	-0.059802	1.993416	-1.993416	-3.488479
6.360000	-2.085600	0.000000	0.019436	0.051829	-0.059802	1.993416	-1.495062	-3.488479
6.370000	-2.086500	0.000000	0.019436	0.051829	-0.059802	1.993416	-1.495062	-3.488479
6.380000	-2.087600	0.000000	0.019436	0.051829	-0.059802	1.993416	-1.495062	-3.488479
6.390000	-2.088500	0.000000	0.019436	0.045350	-0.059802	1.993416	-1.495062	-2.990125
6.400000	-2.089500	0.000000	0.019436	0.045350	-0.059802	1.993416	-1.495062	-2.990125
6.410000	-2.090600	0.000000	0.019436	0.045350	-0.059802	1.495062	-1.495062	-2.990125
6.420000	-2.091600	0.000000	0.019436	0.045350	-0.059802	1.993416	-1.495062	-2.990125
6.430000	-2.092500	0.000000	0.019436	0.045350	-0.059802	1.993416	-1.495062	-2.990125
6.440000	-2.093500	0.000000	0.019436	0.045350	-0.059802	1.495062	-1.495062	-2.990125
6.450000	-2.094500	0.000000	0.019436	0.045350	-0.059802	1.495062	-1.495062	-2.990125
6.460000	-2.095600	0.000000	0.019436	0.045350	-0.059802	1.495062	-1.495062	-2.990125
6.470000	-2.096600	0.000000	0.019436	0.045350	-0.059802	1.495062	-1.495062	-2.990125
6.480000	-2.097700	0.000000	0.019436	0.045350	-0.059802	1.495062	-1.495062	-2.990125
6.490000	-2.098600	0.000000	0.019436	0.045350	-0.059802	1.495062	-1.495062	-2.990125
6.500000	-2.099500	0.000000	0.019436	0.045350	-0.059802	1.495062	-1.495062	-2.990125
6.510000	-2.100700	0.000000	0.019436	0.038872	-0.039868	1.495062	-1.495062	-2.491770
6.520000	-2.101600	0.000000	0.019436	0.038872	-0.039868	1.495062	-1.495062	-2.491770
6.530000	-2.102400	0.000000	0.019436	0.038872	-0.039868	1.495062	-1.495062	-2.491770
6.540000	-2.103600	0.000000	0.019436	0.038872	-0.039868	1.495062	-1.495062	-2.491770
6.550000	-2.104600	0.000000	0.019436	0.038872	-0.039868	1.495062	-1.495062	-2.491770
6.560000	-2.105600	0.000000	0.019436	0.038872	-0.039868	1.495062	-1.495062	-2.491770
6.570000	-2.106700	0.000000	0.012957	0.038872	-0.039868	1.495062	-1.495062	-2.491770
6.580000	-2.107500	0.000000	0.012957	0.038872	-0.039868	1.495062	-1.495062	-2.491770
6.590000	-2.108500	0.000000	0.012957	0.038872	-0.039868	1.495062	-1.495062	-2.491770
6.600000	-2.109600	0.000000	0.019436	0.038872	-0.039868	1.495062	-1.495062	-2.491770
6.610000	-2.110600	0.000000	0.012957	0.032393	-0.039868	1.495062	-1.495062	-2.491770
6.620000	-2.111600	0.000000	0.012957	0.032393	-0.039868	1.495062	-1.495062	-2.491770
6.630000	-2.112400	0.000000	0.012957	0.038872	-0.039868	1.495062	-0.996708	-2.491770
6.640000	-2.113400	0.000000	0.012957	0.038872	-0.039868	1.495062	-0.996708	-2.491770
6.650000	-2.114600	0.000000	0.012957	0.032393	-0.039868	1.495062	-0.996708	-2.491770
6.660000	-2.115400	0.000000	0.012957	0.032393	-0.039868	0.996708	-1.495062	-1.993416
6.670000	-2.116600	0.000000	0.012957	0.032393	-0.039868	1.495062	-1.495062	-1.993416
6.680000	-2.117500	0.000000	0.012957	0.032393	-0.039868	1.495062	-0.996708	-1.993416
6.690000	-2.118300	0.000000	0.012957	0.032393	-0.039868	1.495062	-0.996708	-1.993416
6.700000	-2.119400	0.000000	0.012957	0.032393	-0.039868	0.996708	-0.996708	-1.993416
6.710000	-2.120500	0.000000	0.012957	0.032393	-0.039868	0.996708	-0.996708	-1.993416
6.720000	-2.121700	0.000000	0.012957	0.032393	-0.039868	0.996708	-0.996708	-1.993416
6.730000	-2.122700	0.000000	0.012957	0.032393	-0.039868	0.996708	-0.996708	-1.993416
6.740000	-2.123700	0.000000	0.012957	0.032393	-0.039868	0.996708	-0.996708	-1.993416
6.750000	-2.124500	0.000000	0.012957	0.025914	-0.039868	0.996708	-0.996708	-1.993416
6.760000	-2.125600	0.000000	0.012957	0.025914	-0.019934	0.996708	-0.996708	-1.993416
6.770000	-2.126900	0.000000	0.012957	0.025914	-0.019934	0.996708	-0.996708	-1.993416
6.780000	-2.127600	0.000000	0.012957	0.025914	-0.019934	0.996708	-0.996708	-1.993416
6.790000	-2.128500	0.000000	0.012957	0.025914	-0.019934	0.996708	-0.996708	-1.993416
6.800000	-2.129800	0.000000	0.012957	0.025914	-0.019934	0.996708	-0.996708	-1.993416
6.810000	-2.130600	0.000000	0.012957	0.025914	-0.019934	0.996708	-0.996708	-1.495062
6.820000	-2.131500	0.000000	0.012957	0.025914	-0.019934	0.996708	-0.996708	-1.495062
6.830000	-2.132600	0.000000	0.012957	0.025914	-0.019934	0.996708	-0.996708	-1.495062
6.840000	-2.133500	0.000000	0.012957	0.025914	-0.019934	0.996708	-0.996708	-1.495062
6.850000	-2.134400	0.000000	0.012957	0.025914	-0.019934	0.996708	-0.996708	-1.495062
6.860000	-2.135500	0.000000	0.012957	0.025914	-0.019934	0.996708	-0.996708	-1.495062
6.870000	-2.136600	0.000000	0.006479	0.019436	-0.019934	0.996708	-0.996708	-1.495062
6.880000	-2.137500	0.000000	0.006479	0.019436	-0.019934	0.996708	-0.996708	-1.495062
6.890000	-2.138500	0.000000	0.012957	0.025914	-0.019934	0.996708	-0.996708	-1.495062
6.900000	-2.139400	0.000000	0.012957	0.019436	-0.019934	0.996708	-0.996708	-1.495062
6.910000	-2.140600	0.000000	0.006479	0.019436	-0.019934	0.996708	-0.996708	-1.495062
6.920000	-2.141900	0.000000	0.006479	0.019436	-0.019934	0.996708	-0.996708	-1.495062
6.930000	-2.142500	0.000000	0.006479	0.019436	-0.019934	0.996708	-0.996708	-1.495062
6.940000	-2.143300	0.000000	0.006479	0.019436	-0.019934	0.996708	-0.498354	-1.495062
6.950000	-2.144600	0.000000	0.006479	0.019436	-0.019934	0.996708	-0.498354	-1.495062
6.960000	-2.145700	0.000000	0.006479	0.019436	-0.019934	0.498354	-0.498354	-0.996708
6.970000	-2.146600	0.000000	0.006479	0.019436	-0.019934	0.498354	-0.498354	-0.996708
6.980000	-2.147700	0.000000	0.006479	0.019436	-0.019934	0.498354	-0.498354	-0.996708
6.990000	-2.148700	0.000000	0.006479	0.019436	-0.019934	0.498354	-0.498354	-0.996708
7.000000	-2.149600	0.000000	0.006479	0.012957	-0.019934	0.498354	-0.498354	-0.996708
7.010000	-2.150800	0.000000	0.006479	0.012957	-0.019934	0.498354	-0.498354	-0.996708
7.020000	-2.151600	0.000000	0.006479	0.012957	-0.019934	0.498354	-0.498354	-0.996708
7.030000	-2.152700	0.000000	0.006479	0.012957	0.000000	0.498354	-0.498354	-0.996708
7.040000	-2.153600	0.000000	0.006479	0.012957	0.000000	0.498354	-0.498354	-0.996708
7.050000	-2.154600	0.000000	0.006479	0.012957	-0.019934	0.498354	-0.498354	-0.996708
7.060000	-2.155600	0.000000	0.006479	0.012957	0.000000	0.498354	-0.498354	-0.996708
7.070000	-2.156500	0.000000	0.006479	0.012957	0.000000	0.498354	-0.498354	-0.996708
7.080000	-2.157500	0.000000	0.006479	0.012957	0.000000	0.498354	-0.498354	-0.996708
7.090000	-2.158600	0.000000	0.006479	0.012957	0.000000	0.498354	-0.498354	-0.996708
7.100000	-2.159600	0.000000	0.006479	0.012957	0.000000	0.498354	-0.498354	-0.996708
7.110000	-2.160500	0.000000	0.006479	0.012957	0.000000	0.498354	-0.498354	-0.498354
7.120000	-2.161500	0.000000	0.006479	0.006479	0.000000	0.498354	-0.498354	-0.498354
7.130000	-2.162400	0.000000	0.006479	0.006479	0.000000	0.498354	-0.498354	-0.498354
7.140000	-2.163400	0.000000	0.006479	0.006479	0.000000	0.498354	-0.498354	-0.498354
7.150000	-2.164700	0.000000	0.006479	0.006479	0.000000	0.498354	-0.498354	-0.498354
7.160000	-2.165600	0.000000	0.000000	0.006479	0.000000	0.498354	-0.498354	-0.498354
7.170000	-2.166500	0.000000	0.006479	0.006479	0.000000	0.498354	-0.498354	-0.498354
7.180000	-2.167600	0.000000	0.006479	0.006479	0.000000	0.498354	-0.498354	-0.498354
7.190000	-2.168600	0.000000	0.006479	0.006479	0.000000	0.498354	-0.498354	-0.498354
7.200000	-2.169600	0.000000	0.000000	0.006479	0.000000	0.498354	-0.498354	-0.498354
7.210000	-2.170500	0.000000	0.000000	0.006479	0.000000	0.498354	-0.498354	-0.498354
7.220000	-2.171500	0.000000	0.000000	0.006479	0.000000	0.498354	0.000000	-0.498354
7.230000	-2.172600	0.000000	0.000000	0.006479	0.000000	0.498354	0.000000	-0.498354
7.240000	-2.173600	0.000000	0.000000	0.000000	0.000000	0.498354	-0.498354	-0.498354
7.250000	-2.174500	0.000000	0.000000	0.000000	0.000000	0.498354	-0.498354	-0.498354
7.260000	-2.175600	0.000000	0.000000	0.006479	0.000000	0.498354	0.000000	-0.498354
7.270000	-2.176600	0.000000	0.000000	0.006479	0.000000	0.498354	0.000000	0.000000
7.280000	-2.177500	0.000000	0.000000	0.000000	0.000000	0.498354	0.000000	0.000000
7.290000	-2.178400	0.000000	0.000000	0.000000	0.000000	0.000000	0.000000	0.000000
7.300000	-2.179600	0.000000	0.000000	0.000000	0.000000	0.000000	0.000000	0.000000
7.310000	-2.180700	0.000000	0.000000	0.000000	0.000000	0.000000	0.000000	0.000000
7.320000	-2.181500	0.000000	0.000000	0.000000	0.000000	0.000000	0.000000	0.000000
7.330000	-2.182600	0.000000	0.000000	0.000000	0.000000	0.000000	0.000000	0.000000
7.340000	-2.183700	0.000000	0.000000	0.000000	0.000000	0.000000	0.000000	0.000000
7.350000	-2.184500	0.000000	0.000000	0.000000	0.000000	0.000000	0.000000	0.000000
7.360000	-2.185600	0.000000	0.000000	0.000000	0.000000	0.000000	0.000000	0.000000
7.370000	-2.186400	0.000000	0.000000	0.000000	0.000000	0.000000	0.000000	0.000000
7.380000	-2.187500	0.000000	0.000000	0.000000	0.000000	0.000000	0.000000	0.000000
7.390000	-2.188500	0.000000	0.000000	-0.006479	0.000000	0.000000	0.000000	0.000000
7.400000	-2.189600	0.000000	0.000000	0.000000	0.000000	0.000000	0.000000	0.000000
7.410000	-2.190700	0.000000	0.000000	-0.006479	0.000000	0.000000	0.000000	0.000000
7.420000	-2.191600	0.000000	0.000000	-0.006479	0.000000	0.000000	0.000000	0.498354
7.430000	-2.192400	0.000000	0.000000	-0.006479	0.000000	0.000000	0.000000	0.498354
7.440000	-2.193600	0.000000	0.000000	-0.006479	0.000000	0.000000	0.000000	0.498354
7.450000	-2.194500	0.000000	0.000000	-0.006479	0.019934	0.000000	0.000000	0.498354
7.460000	-2.195600	0.000000	0.000000	-0.006479	0.019934	0.000000	0.000000	0.498354
7.470000	-2.196500	0.000000	0.000000	-0.006479	0.019934	0.000000	0.000000	0.498354
7.480000	-2.197500	0.000000	0.000000	-0.006479	0.019934	0.000000	0.000000	0.498354
7.490000	-2.198500	0.000000	0.000000	-0.006479	0.019934	0.000000	0.000000	0.498354
7.500000	-2.199800	0.000000	0.000000	-0.006479	0.019934	0.000000	0.000000	0.498354
7.510000	-2.200600	0.000000	-0.006479	-0.006479	0.019934	0.000000	0.000000	0.498354
7.520000	-2.201600	0.000000	-0.006479	-0.006479	0.019934	0.000000	0.000000	0.498354
7.530000	-2.202500	0.000000	-0.006479	-0.012957	0.019934	0.000000	0.498354	0.498354
7.540000	-2.203500	0.000000	0.000000	-0.012957	0.019934	0.000000	0.498354	0.498354
7.550000	-2.204600	0.000000	0.000000	-0.006479	0.019934	0.000000	0.498354	0.498354
7.560000	-2.205600	0.000000	-0.006479	-0.012957	0.019934	0.000000	0.498354	0.498354
7.570000	-2.206600	0.000000	-0.006479	-0.012957	0.019934	0.000000	0.498354	0.498354
7.580000	-2.207400	0.000000	-0.006479	-0.012957	0.019934	-0.498354	0.498354	0.498354
7.590000	-2.208500	0.000000	-0.006479	-0.012957	0.019934	-0.498354	0.498354	0.498354
7.600000	-2.209600	0.000000	-0.006479	-0.012957	0.019934	-0.498354	0.498354	0.996708
7.610000	-2.210900	0.000000	-0.006479	-0.012957	0.019934	-0.498354	0.498354	0.996708
7.620000	-2.211500	0.000000	-0.006479	-0.012957	0.019934	-0.498354	0.498354	0.996708
7.630000	-2.212600	0.000000	-0.006479	-0.012957	0.019934	-0.498354	0.498354	0.996708
7.640000	-2.213400	0.000000	-0.006479	-0.012957	0.019934	-0.498354	0.498354	0.996708
7.650000	-2.214400	0.000000	-0.006479	-0.012957	0.019934	-0.498354	0.498354	0.996708
7.660000	-2.215700	0.000000	-0.006479	-0.012957	0.019934	-0.498354	0.498354	0.996708
7.670000	-2.216400	0.000000	-0.006479	-0.012957	0.019934	-0.498354	0.498354	0.996708
7.680000	-2.217500	0.000000	-0.006479	-0.019436	0.019934	-0.498354	0.498354	0.996708
7.690000	-2.219000	0.000000	-0.006479	-0.019436	0.019934	-0.498354	0.498354	0.996708
7.700000	-2.219800	0.000000	-0.006479	-0.012957	0.019934	-0.498354	0.498354	0.996708
7.710000	-2.220400	0.000000	-0.006479	-0.012957	0.019934	-0.498354	0.498354	0.996708
7.720000	-2.221500	0.000000	-0.006479	-0.019436	0.019934	-0.498354	0.498354	0.996708
7.730000	-2.222300	0.000000	-0.006479	-0.019436	0.019934	-0.498354	0.498354	0.996708
7.740000	-2.223500	0.000000	-0.006479	-0.019436	0.019934	-0.498354	0.498354	0.996708
7.750000	-2.224800	0.000000	-0.006479	-0.019436	0.019934	-0.498354	0.498354	1.495062
7.760000	-2.225500	0.000000	-0.006479	-0.019436	0.019934	-0.498354	0.498354	1.495062
7.770000	-2.226400	0.000000	-0.006479	-0.019436	0.019934	-0.498354	0.498354	1.495062
7.780000	-2.227600	0.000000	-0.006479	-0.019436	0.019934	-0.498354	0.498354	1.495062
7.790000	-2.228600	0.000000	-0.006479	-0.019436	0.019934	-0.498354	0.498354	1.495062
7.800000	-2.229500	0.000000	-0.006479	-0.019436	0.019934	-0.498354	0.498354	1.495062
7.810000	-2.230500	0.000000	-0.006479	-0.019436	0.019934	-0.498354	0.498354	1.495062
7.820000	-2.231600	0.000000	-0.006479	-0.019436	0.019934	-0.498354	0.498354	1.495062
7.830000	-2.232800	0.000000	-0.012957	-0.019436	0.019934	-0.498354	0.996708	1.495062
7.840000	-2.233500	0.000000	-0.012957	-0.019436	0.019934	-0.498354	0.996708	1.495062
7.850000	-2.234500	0.000000	-0.012957	-0.025914	0.019934	-0.498354	0.996708	1.495062
7.860000	-2.235900	0.000000	-0.006479	-0.025914	0.019934	-0.498354	0.996708	1.495062
7.870000	-2.236600	0.000000	-0.006479	-0.025914	0.019934	-0.498354	0.996708	1.495062
7.880000	-2.237300	0.000000	-0.006479	-0.025914	0.019934	-0.498354	0.996708	1.495062
7.890000	-2.238500	0.000000	-0.012957	-0.025914	0.019934	-0.498354	0.996708	1.495062
7.900000	-2.239700	0.000000	-0.012957	-0.025914	0.019934	-0.498354	0.996708	1.495062
7.910000	-2.240600	0.000000	-0.012957	-0.025914	0.019934	-0.996708	0.996708	1.495062
7.920000	-2.241500	0.000000	-0.012957	-0.025914	0.019934	-0.996708	0.996708	1.495062
7.930000	-2.242500	0.000000	-0.012957	-0.025914	0.019934	-0.996708	0.996708	1.993416
7.940000	-2.243600	0.000000	-0.012957	-0.025914	0.019934	-0.996708	0.996708	1.993416
7.950000	-2.244500	0.000000	-0.012957	-0.025914	0.019934	-0.996708	0.996708	1.993416
7.960000	-2.245700	0.000000	-0.012957	-0.025914	0.019934	-0.996708	0.996708	1.993416
7.970000	-2.246600	0.000000	-0.012957	-0.032393	0.019934	-0.996708	0.996708	1.993416
7.980000	-2.247500	0.000000	-0.012957	-0.032393	0.019934	-0.996708	0.996708	1.993416
7.990000	-2.248300	0.000000	-0.012957	-0.025914	0.019934	-0.996708	0.996708	1.993416
8.000000	-2.249500	0.000000	-0.012957	-0.025914	0.019934	-0.996708	0.996708	1.993416
8.010000	-2.250700	0.000000	-0.012957	-0.032393	0.039868	-0.996708	0.996708	1.993416
8.020000	-2.251600	0.000000	-0.012957	-0.032393	0.019934	-0.996708	0.996708	1.993416
8.030000	-2.252700	0.000000	-0.012957	-0.032393	0.019934	-0.996708	0.996708	1.993416
8.040000	-2.253500	0.000000	-0.012957	-0.032393	0.039868	-0.996708	0.996708	1.993416
8.050000	-2.254600	0.000000	-0.012957	-0.032393	0.039868	-0.996708	0.996708	1.993416
8.060000	-2.255800	0.000000	-0.012957	-0.032393	0.039868	-0.996708	0.996708	1.993416
8.070000	-2.256400	0.000000	-0.012957	-0.038872	0.039868	-0.996708	0.996708	1.993416
8.080000	-2.257400	0.000000	-0.012957	-0.032393	0.039868	-0.996708	0.996708	1.993416
8.090000	-2.258500	0.000000	-0.012957	-0.032393	0.039868	-0.996708	0.996708	1.993416
8.100000	-2.259600	0.000000	-0.012957	-0.032393	0.039868	-0.996708	0.996708	1.993416
8.110000	-2.260500	0.000000	-0.019436	-0.038872	0.039868	-0.996708	1.495062	2.491770
8.120000	-2.261600	0.000000	-0.012957	-0.038872	0.039868	-0.996708	1.495062	2.491770
8.130000	-2.262600	0.000000	-0.012957	-0.032393	0.039868	-0.996708	0.996708	2.491770
8.140000	-2.263600	0.000000	-0.012957	-0.032393	0.039868	-0.996708	0.996708	2.491770
8.150000	-2.264500	0.000000	-0.012957	-0.032393	0.039868	-0.996708	1.495062	2.491770
8.160000	-2.265700	0.000000	-0.019436	-0.038872	0.039868	-0.996708	1.495062	2.491770
8.170000	-2.266600	0.000000	-0.019436	-0.038872	0.039868	-0.996708	1.495062	2.491770
8.180000	-2.267600	0.000000	-0.012957	-0.038872	0.039868	-0.996708	1.495062	2.491770
8.190000	-2.268600	0.000000	-0.012957	-0.038872	0.039868	-0.996708	1.495062	2.491770
8.200000	-2.269500	0.000000	-0.012957	-0.038872	0.039868	-0.996708	1.495062	2.491770
8.210000	-2.270400	0.000000	-0.019436	-0.038872	0.039868	-0.996708	1.495062	2.491770
8.220000	-2.271400	0.000000	-0.019436	-0.045350	0.039868	-1.495062	1.495062	2.491770
8.230000	-2.272500	0.000000	-0.019436	-0.045350	0.039868	-1.495062	1.495062	2.491770
8.240000	-2.273700	0.000000	-0.012957	-0.038872	0.039868	-0.996708	1.495062	2.491770
8.250000	-2.274500	0.000000	-0.019436	-0.038872	0.039868	-0.996708	1.495062	2.491770
8.260000	-2.275400	0.000000	-0.019436	-0.038872	0.039868	-1.495062	1.495062	2.491770
8.270000	-2.276800	0.000000	-0.019436	-0.045350	0.039868	-1.495062	1.495062	2.491770
8.280000	-2.277500	0.000000	-0.019436	-0.045350	0.039868	-1.495062	1.495062	2.990125
8.290000	-2.278500	0.000000	-0.019436	-0.045350	0.039868	-1.495062	1.495062	2.990125
8.300000	-2.279200	0.000000	-0.019436	-0.038872	0.039868	-1.495062	1.495062	2.990125
8.310000	-2.280300	0.000000	-0.019436	-0.045350	0.039868	-1.495062	1.495062	2.990125
8.320000	-2.282100	0.000000	-0.019436	-0.045350	0.039868	-1.495062	1.495062	2.990125
8.330000	-2.282600	0.000000	-0.019436	-0.045350	0.039868	-1.495062	1.495062	2.990125
8.340000	-2.283600	0.000000	-0.019436	-0.045350	0.039868	-1.495062	1.495062	2.990125
8.350000	-2.284600	0.000000	-0.019436	-0.045350	0.039868	-1.495062	1.495062	2.990125
8.360000	-2.285400	0.000000	-0.019436	-0.045350	0.039868	-1.495062	1.495062	2.990125
8.370000	-2.286300	0.000000	-0.019436	-0.045350	0.039868	-1.495062	1.495062	2.990125
8.380000	-2.287900	0.000000	-0.019436	-0.045350	0.039868	-1.495062	1.495062	2.990125
8.390000	-2.288900	0.000000	-0.019436	-0.045350	0.039868	-1.495062	1.495062	2.990125
8.400000	-2.289600	0.000000	-0.019436	-0.045350	0.039868	-1.495062	1.495062	2.990125
8.410000	-2.290600	0.000000	-0.019436	-0.045350	0.039868	-1.495062	1.495062	2.990125
8.420000	-2.291700	0.000000	-0.019436	-0.045350	0.039868	-1.495062	1.495062	2.990125
8.430000	-2.292400	0.000000	-0.019436	-0.051829	0.039868	-1.495062	1.495062	2.990125
8.440000	-2.293500	0.000000	-0.019436	-0.051829	0.039868	-1.495062	1.993416	2.990125
8.450000	-2.294200	0.000000	-0.019436	-0.051829	0.039868	-1.495062	1.993416	2.990125
8.460000	-2.295300	0.000000	-0.019436	-0.051829	0.039868	-1.495062	1.993416	3.488479
8.470000	-2.297000	0.000000	-0.019436	-0.051829	0.039868	-1.495062	1.993416	3.488479
8.480000	-2.297900	0.000000	-0.019436	-0.051829	0.039868	-1.495062	1.993416	3.488479
8.490000	-2.298800	0.000000	-0.019436	-0.051829	0.039868	-1.495062	1.993416	3.488479
8.500000	-2.299700	0.000000	-0.019436	-0.051829	0.039868	-1.495062	1.993416	3.488479
8.510000	-2.300500	0.000000	-0.019436	-0.051829	0.039868	-1.495062	1.993416	3.488479
8.520000	-2.301500	0.000000	-0.019436	-0.051829	0.039868	-1.495062	1.993416	3.488479
8.530000	-2.302500	0.000000	-0.019436	-0.051829	0.039868	-1.495062	1.993416	3.488479
8.540000	-2.303700	0.000000	-0.019436	-0.051829	0.039868	-1.495062	1.993416	3.488479
8.550000	-2.304700	0.000000	-0.019436	-0.051829	0.039868	-1.495062	1.993416	3.488479
8.560000	-2.305700	0.000000	-0.019436	-0.051829	0.039868	-1.495062	1.993416	3.488479
8.570000	-2.306700	0.000000	-0.025914	-0.051829	0.039868	-1.495062	1.993416	3.488479
8.580000	-2.307600	0.000000	-0.025914	-0.058307	0.039868	-1.993416	1.993416	3.488479
8.590000	-2.308600	0.000000	-0.025914	-0.058307	0.039868	-1.993416	1.993416	3.488479
8.600000	-2.309800	0.000000	-0.025914	-0.058307	0.039868	-1.993416	1.993416	3.488479
8.610000	-2.310700	0.000000	-0.025914	-0.058307	0.039868	-1.993416	1.993416	3.488479
8.620000	-2.311500	0.000000	-0.025914	-0.058307	0.039868	-1.993416	1.993416	3.488479
8.630000	-2.312400	0.000000	-0.019436	-0.051829	0.039868	-1.495062	1.993416	3.488479
8.640000	-2.312900	0.000000	-0.019436	-0.051829	0.039868	-1.495062	1.993416	3.488479
8.650000	-2.313200	0.000000	-0.025914	-0.058307	0.039868	-1.993416	1.993416	3.488479
8.660000	-2.313300	0.000000	-0.025914	-0.058307	0.039868	-1.993416	1.993416	3.986833
8.670000	-2.313400	0.000000	-0.032393	-0.058307	0.039868	-1.993416	1.993416	3.986833
8.680000	-2.313400	0.000000	-0.025914	-0.058307	0.039868	-1.993416	1.993416	3.986833
8.690000	-2.313400	0.000000	-0.025914	-0.051829	0.039868	-1.993416	1.993416	3.986833
8.700000	-2.313400	0.000000	-0.019436	-0.058307	0.039868	-1.993416	1.993416	3.986833
8.710000	-2.313400	0.000000	-0.019436	-0.058307	0.039868	-1.993416	1.993416	3.488479
8.720000	-2.313400	0.000000	-0.025914	-0.058307	0.039868	-1.993416	1.993416	3.488479
8.730000	-2.313400	0.000000	-0.025914	-0.058307	0.039868	-1.993416	1.993416	3.488479
8.740000	-2.313400	0.000000	-0.025914	-0.058307	0.039868	-1.993416	1.993416	3.488479
8.750000	-2.313400	0.000000	-0.025914	-0.058307	0.039868	-1.993416	1.993416	3.488479
8.760000	-2.313400	0.000000	-0.019436	-0.051829	0.039868	-1.993416	1.993416	3.488479
8.770000	-2.313400	0.000000	-0.019436	-0.051829	0.039868	-1.495062	1.993416	3.488479
8.780000	-2.313400	0.000000	-0.025914	-0.064786	0.039868	-1.993416	1.993416	3.488479
8.790000	-2.313400	0.000000	-0.032393	-0.064786	0.039868	-1.993416	2.491770	3.488479
8.800000	-2.313400	0.000000	-0.032393	-0.051829	0.039868	-1.495062	1.993416	3.488479
8.810000	-2.313400	0.000000	-0.019436	-0.051829	0.039868	-1.495062	1.993416	3.488479
8.820000	-2.313400	0.000000	-0.019436	-0.058307	0.039868	-1.993416	1.993416	3.488479
8.830000	-2.313400	0.000000	-0.019436	-0.058307	0.039868	-1.993416	1.993416	3.488479
8.840000	-2.313400	0.000000	-0.025914	-0.058307	0.039868	-1.993416	1.993416	3.488479
8.850000	-2.313400	0.000000	-0.032393	-0.058307	0.039868	-1.993416	2.491770	3.488479
8.860000	-2.313400	0.000000	-0.032393	-0.058307	0.039868	-1.993416	1.993416	3.488479
8.870000	-2.313400	0.000000	-0.025914	-0.058307	0.039868	-1.993416	1.993416	3.488479
8.880000	-2.313400	0.000000	-0.019436	-0.051829	0.039868	-1.993416	1.993416	3.488479
8.890000	-2.313400	0.000000	-0.019436	-0.058307	0.039868	-1.993416	1.993416	3.488479
8.900000	-2.313400	0.000000	-0.025914	-0.058307	0.039868	-1.993416	1.993416	3.488479
8.910000	-2.313400	0.000000	-0.025914	-0.058307	0.039868	-1.993416	1.993416	3.488479
8.920000	-2.313400	0.000000	-0.025914	-0.051829	0.039868	-1.495062	1.993416	3.488479
8.930000	-2.313400	0.000000	-0.025914	-0.051829	0.039868	-1.495062	1.993416	3.488479
8.940000	-2.313400	0.000000	-0.019436	-0.058307	0.039868	-1.993416	1.993416	3.488479
8.950000	-2.313400	0.000000	-0.019436	-0.058307	0.039868	-1.993416	1.993416	3.488479
8.960000	-2.313400	0.000000	-0.019436	-0.058307	0.039868	-1.993416	1.993416	3.488479
8.970000	-2.313400	0.000000	-0.025914	-0.051829	0.039868	-1.495062	1.993416	3.488479
8.980000	-2.313400	0.000000	-0.025914	-0.051829	0.039868	-1.495062	1.993416	3.488479
8.990000	-2.313300	0.000000	-0.025914	-0.058307	0.039868	-1.993416	1.993416	3.488479
9.000000	-2.313300	0.000000	-0.019436	-0.058307	0.039868	-1.993416	1.993416	3.488479
9.010000	-2.313300	0.000000	-0.019436	-0.058307	0.039868	-1.993416	1.993416	3.488479
9.020000	-2.313300	0.000000	-0.025914	-0.058307	0.039868	-1.993416	1.993416	3.488479
9.030000	-2.313300	0.000000	-0.025914	-0.058307	0.039868	-1.495062	1.993416	3.488479
9.040000	-2.313300	0.000000	-0.025914	-0.058307	0.039868	-1.495062	1.993416	3.488479
9.050000	-2.313200	0.000000	-0.025914	-0.058307	0.039868	-1.993416	1.993416	3.488479
9.060000	-2.313200	0.000000	-0.019436	-0.058307	0.039868	-1.993416	1.993416	3.488479
9.070000	-2.313200	0.000000	-0.019436	-0.058307	0.039868	-1.993416	1.993416	3.488479
9.080000	-2.313100	0.000000	-0.019436	-0.058307	0.039868	-1.993416	1.993416	3.488479
9.090000	-2.313100	0.000000	-0.025914	-0.058307	0.039868	-1.993416	1.993416	3.488479
9.100000	-2.313100	0.000000	-0.025914	-0.051829	0.039868	-1.495062	1.993416	3.488479
9.110000	-2.313100	0.000000	-0.025914	-0.051829	0.039868	-1.495062	1.993416	3.488479
9.120000	-2.313100	0.000000	-0.025914	-0.058307	0.039868	-1.993416	1.993416	3.488479
9.130000	-2.313000	0.000000	-0.019436	-0.058307	0.039868	-1.993416	1.993416	3.488479
9.140000	-2.313000	0.000000	-0.019436	-0.058307	0.039868	-1.993416	1.993416	3.488479
9.150000	-2.313000	0.000000	-0.019436	-0.058307	0.039868	-1.993416	1.993416	3.488479
9.160000	-2.313000	0.000000	-0.025914	-0.058307	0.039868	-1.993416	1.993416	3.488479
9.170000	-2.313000	0.000000	-0.025914	-0.058307	0.039868	-1.993416	1.993416	3.488479
9.180000	-2.313000	0.000000	-0.025914	-0.051829	0.039868	-1.495062	1.993416	3.488479
9.190000	-2.313000	0.000000	-0.025914	-0.051829	0.039868	-1.495062	1.993416	3.488479
9.200000	-2.313000	0.000000	-0.019436	-0.058307	0.039868	-1.993416	1.993416	3.488479
9.210000	-2.313000	0.000000	-0.019436	-0.058307	0.039868	-1.993416	1.993416	3.488479
9.220000	-2.313000	0.000000	-0.019436	-0.058307	0.039868	-1.993416	1.993416	3.488479
9.230000	-2.313000	0.000000	-0.019436	-0.051829	0.039868	-1.495062	1.993416	3.488479
9.240000	-2.313000	0.000000	-0.025914	-0.051829	0.039868	-1.495062	1.993416	3.488479
9.250000	-2.313000	0.000000	-0.025914	-0.058307	0.039868	-1.993416	1.993416	3.488479
9.260000	-2.313000	0.000000	-0.025914	-0.058307	0.039868	-1.993416	1.993416	3.488479
9.270000	-2.313000	0.000000	-0.019436	-0.058307	0.039868	-1.495062	1.993416	3.488479
9.280000	-2.313000	0.000000	-0.019436	-0.058307	0.039868	-1.495062	1.993416	3.488479
9.290000	-2.313000	0.000000	-0.019436	-0.051829	0.039868	-1.495062	1.993416	3.488479
<END DATA>
